YEAR ANTCO2 ANTCH4 ANTN2O ANTCO2EQ ABLCO2 ABLCH4 ABLN2O MACCO2 MACCH4 MACN2O ABCCO2 ABCCH4 ABCN2O CONCO2 CONCH4 CONN2O CONrOH RADCO2 RADCH4 RADN2O RADO3TRP RADHALO RADSF6 RADSO2 RADCRBAER RADAERIND RADTTL T2M pH DSCCUR ANTQ1M ANTQ2M ANTQ3M
2000    8.3000    310.19    6.11   42.00    0.00    0.00    0.00           0.00           0.00           0.00           0.00           0.00           0.00   369.56  1752.11   317.04   1.0000   1.5389   0.4865   0.1557   0.3780   0.3323   0.0024  -0.4419  -0.1105  -0.8837   1.4937   0.7604   8.0820         1.00          153.929588            0.355721           25.873508
2001    8.3700    312.90    6.19   42.39    0.00    0.00    0.00           0.00           0.00           0.00           0.00           0.00           0.00   370.90  1751.58   317.92   0.9955   1.5582   0.4863   0.1584   0.3750   0.3364   0.0024  -0.4331  -0.1116  -0.8720   1.5353   0.7879   8.0806         1.02          308.342156            0.723511           51.906108
2002    8.4500    322.28    6.36   43.04    0.00    0.00    0.00           0.00           0.00           0.00           0.00           0.00           0.00   372.38  1754.10   318.81   0.9904   1.5795   0.4872   0.1613   0.3724   0.3405   0.0024  -0.4243  -0.1127  -0.8601   1.5803   0.8168   8.0791         1.04          309.315022            0.748158           52.224278
2003    8.5200    328.12    6.43   43.51    0.00    0.00    0.00           0.00           0.00           0.00           0.00           0.00           0.00   373.89  1759.82   319.71   0.9860   1.6011   0.4894   0.1641   0.3710   0.3445   0.0025  -0.4154  -0.1138  -0.8481   1.6280   0.8464   8.0777         1.06          310.301802            0.773888           52.542375
2004    8.6000    338.94    6.59   44.20    0.00    0.00    0.00           0.00           0.00           0.00           0.00           0.00           0.00   375.42  1768.70   320.64   0.9802   1.6229   0.4927   0.1671   0.3690   0.3484   0.0025  -0.4066  -0.1149  -0.8359   1.6757   0.8763   8.0762         1.08          311.302690            0.800780           52.860303
2005    8.6700    346.40    6.69   44.73    0.00    0.00    0.00           0.00           0.00           0.00           0.00           0.00           0.00   376.97  1780.84   321.58   0.9734   1.6449   0.4972   0.1700   0.3676   0.3523   0.0026  -0.3971  -0.1162  -0.8226   1.7274   0.9068   8.0747         1.10          312.317884            0.828869           53.177963
2006    8.7500    356.47    6.87   45.41    0.00    0.00    0.00           0.00           0.00           0.00           0.00           0.00           0.00   378.55  1795.86   322.54   0.9664   1.6672   0.5028   0.1731   0.3663   0.3560   0.0026  -0.3883  -0.1172  -0.8101   1.7793   0.9378   8.0732         1.13          313.347590            0.858222           53.495249
2007    8.8200    355.02    6.59   45.53    0.00    0.00    0.00           0.00           0.00           0.00           0.00           0.00           0.00   380.15  1811.94   323.49   0.9594   1.6898   0.5087   0.1760   0.3652   0.3597   0.0026  -0.3795  -0.1184  -0.7974   1.8315   0.9693   8.0717         1.15          314.392019            0.888920           53.812045
2008    8.9000    360.49    6.64   46.02    0.00    0.00    0.00           0.00           0.00           0.00           0.00           0.00           0.00   381.77  1828.19   324.40   0.9523   1.7125   0.5147   0.1789   0.3641   0.3633   0.0026  -0.3707  -0.1195  -0.7846   1.8841   1.0012   8.0702         1.17          315.451389            0.921025           54.128216
2009    8.9600    364.20    6.71   46.40    0.00    0.00    0.00           0.00           0.00           0.00           0.00           0.00           0.00   383.41  1845.51   325.31   0.9453   1.7353   0.5210   0.1818   0.3630   0.3669   0.0026  -0.3619  -0.1207  -0.7717   1.9371   1.0335   8.0686         1.20          316.525929            0.954609           54.443626
2010    9.0300    370.90    6.71   46.86    0.00    0.00    0.00           0.00           0.00           0.00           0.00           0.00           0.00   385.06  1863.99   326.23   0.9383   1.7583   0.5277   0.1846   0.3620   0.3703   0.0027  -0.3531  -0.1218  -0.7585   1.9909   1.0661   8.0671         1.22          317.615880            0.989757           54.758135
2011    9.2800    372.66    6.65   47.83    0.00    0.00    0.00           0.00           0.00           0.00           0.00           0.00           0.00   386.78  1883.21   327.12   0.9312   1.7820   0.5347   0.1875   0.3640   0.3734   0.0027  -0.3450  -0.1240  -0.7463   2.0452   1.0992   8.0655         1.24          318.721419            1.026551           55.071591
2012    9.5400    380.81    6.74   49.07    0.00    0.00    0.00           0.00           0.00           0.00           0.00           0.00           0.00   388.58  1903.45   328.02   0.9233   1.8068   0.5420   0.1903   0.3656   0.3757   0.0027  -0.3376  -0.1264  -0.7351   2.0983   1.1325   8.0638         1.27          319.842578            1.065050           55.383835
2013    9.7900    381.59    6.85   50.08    0.00    0.00    0.00           0.00           0.00           0.00           0.00           0.00           0.00   390.47  1924.50   328.92   0.9158   1.8327   0.5495   0.1931   0.3671   0.3774   0.0027  -0.3303  -0.1285  -0.7237   2.1523   1.1662   8.0620         1.29          320.979305            1.105340           55.694700
2014   10.0400    387.87    6.92   51.23    0.00    0.00    0.00           0.00           0.00           0.00           0.00           0.00           0.00   392.45  1945.84   329.84   0.9092   1.8596   0.5571   0.1959   0.3696   0.3785   0.0027  -0.3230  -0.1309  -0.7122   2.2078   1.2002   8.0602         1.32          322.131547            1.147578           56.004015
2015   10.2900    388.07    6.94   52.18    0.00    0.00    0.00           0.00           0.00           0.00           0.00           0.00           0.00   394.50  1967.36   330.76   0.9017   1.8875   0.5647   0.1988   0.3712   0.3790   0.0027  -0.3156  -0.1331  -0.7006   2.2629   1.2346   8.0583         1.35          323.299235            1.191864           56.311594
2016   10.5300    379.96    6.86   52.83    0.00    0.00    0.00           0.00           0.00           0.00           0.00           0.00           0.00   396.62  1986.66   331.66   0.8946   1.9162   0.5715   0.2016   0.3725   0.3789   0.0027  -0.3083  -0.1355  -0.6888   2.3173   1.2692   8.0564         1.37          324.482285            1.238253           56.617237
2017   10.7800    371.84    6.78   53.51    0.00    0.00    0.00           0.00           0.00           0.00           0.00           0.00           0.00   398.82  2002.41   332.54   0.8889   1.9457   0.5771   0.2043   0.3738   0.3783   0.0027  -0.3017  -0.1376  -0.6781   2.3690   1.3038   8.0544         1.40          325.680589            1.286872           56.920723
2018   11.0300    363.72    6.70   54.19    0.00    0.00    0.00           0.00           0.00           0.00           0.00           0.00           0.00   401.09  2014.91   333.39   0.8828   1.9759   0.5814   0.2070   0.3744   0.3772   0.0027  -0.2936  -0.1399  -0.6649   2.4229   1.3385   8.0523         1.43          326.893999            1.337815           57.221817
2019   11.2800    355.61    6.62   54.87    0.00    0.00    0.00           0.00           0.00           0.00           0.00           0.00           0.00   403.43  2024.50   334.22   0.8774   2.0070   0.5848   0.2096   0.3753   0.3756   0.0027  -0.2863  -0.1422  -0.6527   2.4747   1.3733   8.0502         1.46          328.122317            1.391146           57.520270
2020   11.5300    347.49    6.54   55.55    0.00    0.00    0.00           0.00           0.00           0.00           0.00           0.00           0.00   405.83  2031.40   335.03   0.8723   2.0387   0.5872   0.2120   0.3752   0.3735   0.0027  -0.2789  -0.1444  -0.6404   2.5249   1.4079   8.0480         1.49          329.365293            1.446971           57.815814
2021   11.6703    341.33    6.46   55.83    1.00    0.00    0.00          10.53           0.00           0.00           0.58           0.00           0.00   408.28  2036.09   335.81   0.8685   2.0708   0.5888   0.2145   0.3745   0.3711   0.0028  -0.2730  -0.1462  -0.6304   2.5703   1.4419   8.0459         1.52          330.622653            1.505442           58.108165
2022   11.6928    335.16    6.37   55.67    3.00    0.00    0.00          31.59           0.00           0.00           5.33           0.00           0.00   410.72  2039.02   336.57   0.8645   2.1025   0.5898   0.2168   0.3730   0.3684   0.0028  -0.2664  -0.1480  -0.6190   2.6159   1.4755   8.0437         1.55          331.894193            1.566713           58.397018
2023   11.5988    329.00    6.28   55.09    6.00    0.00    0.00          63.18           0.00           0.00          21.84           0.00           0.00   413.10  2040.36   337.30   0.8609   2.1334   0.5903   0.2191   0.3721   0.3654   0.0028  -0.2613  -0.1498  -0.6101   2.6565   1.5083   8.0416         1.58          333.179817            1.630897           58.682046
2024   11.3610    322.83    6.20   53.98   10.00    0.00    0.00         105.31           0.00           0.00          62.08           0.00           0.00   415.38  2040.23   338.01   0.8574   2.1628   0.5902   0.2212   0.3710   0.3623   0.0028  -0.2547  -0.1517  -0.5985   2.6986   1.5406   8.0396         1.61          334.479543            1.698128           58.962901
2025   10.9895    316.67    6.11   52.38   15.00    0.00    0.00         157.97           0.00           0.00         143.00           0.00           0.00   417.50  2038.76   338.69   0.8542   2.1900   0.5897   0.2233   0.3698   0.3589   0.0028  -0.2488  -0.1535  -0.5881   2.7358   1.5721   8.0377         1.64          335.793515            1.768544           59.239206
2026   10.4486    310.51    6.02   50.16   21.00    0.00    0.00         221.18           0.00           0.00         286.56           0.00           0.00   419.41  2036.00   339.35   0.8514   2.2144   0.5887   0.2254   0.3683   0.3553   0.0028  -0.2430  -0.1553  -0.5775   2.7693   1.6025   8.0361         1.67          337.122020            1.842313           59.510558
2027    9.7592    304.34    5.93   47.40   28.00    0.00    0.00         294.96           0.00           0.00         520.62           0.00           0.00   421.05  2032.09   339.98   0.8482   2.2352   0.5874   0.2273   0.3663   0.3516   0.0028  -0.2371  -0.1571  -0.5669   2.7981   1.6316   8.0346         1.71          338.465503            1.919554           59.776523
2028    9.0385    298.18    5.85   44.52   35.00    0.00    0.00         368.83           0.00           0.00         831.64           0.00           0.00   422.40  2027.15   340.59   0.8455   2.2523   0.5857   0.2292   0.3647   0.3476   0.0028  -0.2312  -0.1589  -0.5561   2.8231   1.6594   8.0335         1.74          339.824512            2.000397           60.036630
2029    8.2728    292.02    5.76   41.48   42.00    0.00    0.00         442.90           0.00           0.00        1222.93           0.00           0.00   423.46  2021.25   341.18   0.8426   2.2657   0.5836   0.2310   0.3625   0.3435   0.0029  -0.2246  -0.1607  -0.5439   2.8453   1.6857   8.0326         1.78          341.199592            2.084986           60.290374
2030    7.5148    285.85    5.67   38.46   48.70    0.00    0.00         514.22           0.00           0.00        1679.80           0.00           0.00   424.23  2014.39   341.74   0.8407   2.2754   0.5812   0.2327   0.3611   0.3392   0.0029  -0.2187  -0.1625  -0.5329   2.8621   1.7104   8.0319         1.81          342.591214            2.173521           60.537204
2031    6.8419    281.55    5.63   35.86   54.40    0.00    0.00         575.59           0.00           0.00        2139.28           0.00           0.00   424.75  2006.90   342.29   0.8387   2.2818   0.5786   0.2344   0.3598   0.3349   0.0029  -0.2143  -0.1647  -0.5245   2.8742   1.7332   8.0314         1.85          343.999688            2.266205           60.776525
2032    6.2781    277.24    5.58   33.66   59.10    0.00    0.00         627.12           0.00           0.00        2576.43           0.00           0.00   425.05  1999.15   342.81   0.8370   2.2857   0.5759   0.2360   0.3590   0.3308   0.0029  -0.2099  -0.1669  -0.5161   2.8843   1.7543   8.0312         1.88          345.425036            2.363184           61.007693
2033    5.8313    272.93    5.54   31.88   62.80    0.00    0.00         668.70           0.00           0.00        2967.70           0.00           0.00   425.21  1991.14   343.33   0.8351   2.2877   0.5731   0.2375   0.3576   0.3269   0.0029  -0.2055  -0.1691  -0.5077   2.8922   1.7739   8.0310         1.92          346.866893            2.464605           61.230006
2034    5.5098    268.63    5.49   30.57   65.50    0.00    0.00         699.90           0.00           0.00        3292.11           0.00           0.00   425.28  1982.88   343.83   0.8334   2.2885   0.5702   0.2391   0.3567   0.3231   0.0029  -0.2004  -0.1713  -0.4977   2.9015   1.7923   8.0310         1.96          348.324433            2.570601           61.442698
2035    5.3216    264.32    5.45   29.75   67.20    0.00    0.00         720.05           0.00           0.00        3531.77           0.00           0.00   425.30  1974.41   344.32   0.8315   2.2888   0.5672   0.2406   0.3553   0.3194   0.0029  -0.1960  -0.1735  -0.4890   2.9076   1.8094   8.0310         2.00          349.796292            2.681283           61.644927
2036    5.2749    260.01    5.41   29.44   67.90    0.00    0.00         728.48           0.00           0.00        3672.53           0.00           0.00   425.33  1965.68   344.80   0.8304   2.2892   0.5641   0.2420   0.3549   0.3159   0.0029  -0.1908  -0.1757  -0.4788   2.9171   1.8259   8.0309         2.04          351.280477            2.796807           61.835772
2037    5.2618    255.71    5.36   29.26   68.35    0.00    0.00         734.01           0.00           0.00        3789.39           0.00           0.00   425.41  1956.71   345.26   0.8286   2.2902   0.5610   0.2434   0.3534   0.3125   0.0030  -0.1864  -0.1779  -0.4700   2.9240   1.8414   8.0309         2.08          352.774308            2.917265           62.014214
2038    5.0917    251.40    5.32   28.50   69.80    0.00    0.00         751.88           0.00           0.00        4023.69           0.00           0.00   425.50  1947.56   345.70   0.8272   2.2913   0.5577   0.2448   0.3524   0.3093   0.0030  -0.1820  -0.1802  -0.4612   2.9315   1.8563   8.0308         2.12          354.274523            3.042680           62.179131
2039    4.9145    247.10    5.27   27.72   71.24    0.00    0.00         770.17           0.00           0.00        4267.37           0.00           0.00   425.56  1938.21   346.14   0.8256   2.2921   0.5544   0.2461   0.3507   0.3061   0.0030  -0.1776  -0.1824  -0.4522   2.9380   1.8704   8.0307         2.16          355.777322            3.173118           62.329274
2040    4.7314    242.79    5.23   26.91   72.67    0.00    0.00         788.88           0.00           0.00        4519.88           0.00           0.00   425.59  1928.69   346.56   0.8241   2.2924   0.5510   0.2474   0.3498   0.3031   0.0030  -0.1725  -0.1845  -0.4416   2.9471   1.8842   8.0307         2.21          357.278185            3.308558           62.463254
2041    4.5334    239.62    5.21   26.09   74.08    0.00    0.00         808.03           0.00           0.00        4780.53           0.00           0.00   425.57  1919.12   346.97   0.8235   2.2922   0.5476   0.2486   0.3484   0.3001   0.0030  -0.1703  -0.1861  -0.4371   2.9468   1.8968   8.0307         2.25          358.771640            3.449074           62.579517
2042    4.3194    236.45    5.19   25.21   75.47    0.00    0.00         827.58           0.00           0.00        5045.47           0.00           0.00   425.51  1909.60   347.37   0.8228   2.2914   0.5442   0.2499   0.3470   0.2970   0.0030  -0.1666  -0.1878  -0.4294   2.9504   1.9086   8.0308         2.30          360.251073            3.594709           62.676319
2043    4.1058    233.29    5.18   24.33   76.83    0.00    0.00         847.55           0.00           0.00        5319.70           0.00           0.00   425.40  1900.04   347.77   0.8229   2.2900   0.5408   0.2511   0.3466   0.2939   0.0030  -0.1644  -0.1893  -0.4248   2.9498   1.9194   8.0309         2.34          361.708482            3.745444           62.751694
2044    3.8990    230.12    5.16   23.47   78.15    0.00    0.00         867.91           0.00           0.00        5596.04           0.00           0.00   425.24  1890.46   348.16   0.8223   2.2880   0.5373   0.2522   0.3451   0.2908   0.0031  -0.1615  -0.1910  -0.4186   2.9497   1.9295   8.0310         2.39          363.134165            3.901082           62.803407
2045    3.6849    226.95    5.14   22.59   79.42    0.00    0.00         888.64           0.00           0.00        5879.82           0.00           0.00   425.03  1880.88   348.54   0.8221   2.2854   0.5339   0.2534   0.3442   0.2877   0.0031  -0.1593  -0.1926  -0.4139   2.9473   1.9386   8.0312         2.44          364.516334            4.061280           62.828910
2046    3.4704    223.78    5.12   21.70   80.65    0.00    0.00         909.70           0.00           0.00        6163.33           0.00           0.00   424.77  1871.31   348.92   0.8214   2.2821   0.5304   0.2545   0.3428   0.2846   0.0031  -0.1571  -0.1943  -0.4092   2.9436   1.9469   8.0314         2.49          365.840648            4.225604           62.825274
2047    3.2706    220.61    5.11   20.87   81.83    0.00    0.00         931.07           0.00           0.00        6452.33           0.00           0.00   424.47  1861.73   349.28   0.8212   2.2783   0.5269   0.2557   0.3418   0.2814   0.0031  -0.1541  -0.1958  -0.4029   2.9422   1.9546   8.0317         2.54          367.089585            4.393465           62.789113
2048    3.0628    217.44    5.09   20.01   82.95    0.00    0.00         952.67           0.00           0.00        6738.68           0.00           0.00   424.12  1852.16   349.65   0.8206   2.2740   0.5234   0.2567   0.3404   0.2783   0.0031  -0.1512  -0.1975  -0.3966   2.9396   1.9618   8.0320         2.59          368.241613            4.564066           62.716482
2049    2.8713    214.28    5.07   19.21   84.02    0.00    0.00         974.43           0.00           0.00        7028.60           0.00           0.00   423.73  1842.62   350.00   0.8200   2.2691   0.5200   0.2578   0.3389   0.2751   0.0031  -0.1483  -0.1991  -0.3902   2.9366   1.9685   8.0323         2.64          369.270087            4.736291           62.602749
2050    2.6738    211.11    5.05   18.39   85.03    0.00    0.00         996.27           0.00           0.00        7313.49           0.00           0.00   423.30  1833.09   350.35   0.8195   2.2637   0.5165   0.2589   0.3381   0.2719   0.0032  -0.1461  -0.2008  -0.3854   2.9313   1.9744   8.0327         2.69          370.141701            4.908771           62.442420
2051    2.4911    209.09    5.05   17.66   85.97    0.00    0.00        1018.04           0.00           0.00        7647.70           0.00           0.00   422.84  1823.62   350.69   0.8205   2.2578   0.5130   0.2599   0.3365   0.2687   0.0032  -0.1446  -0.2014  -0.3822   2.9234   1.9795   8.0331         2.75          370.814286            5.080027           62.228920
2052    2.3135    207.06    5.04   16.96   86.85    0.00    0.00        1039.58           0.00           0.00        7980.40           0.00           0.00   422.34  1814.32   351.02   0.8208   2.2515   0.5096   0.2609   0.3346   0.2657   0.0032  -0.1431  -0.2022  -0.3790   2.9147   1.9837   8.0335         2.80          371.233611            5.247943           61.954277
2053    2.1426    205.04    5.03   16.27   87.66    0.00    0.00        1060.64           0.00           0.00        8309.74           0.00           0.00   421.81  1805.19   351.36   0.8215   2.2448   0.5062   0.2619   0.3332   0.2627   0.0032  -0.1417  -0.2030  -0.3758   2.9063   1.9873   8.0340         2.86          371.328628            5.409491           61.608693
2054    1.9801    203.02    5.02   15.62   88.40    0.00    0.00        1080.91           0.00           0.00        8633.35           0.00           0.00   421.25  1796.20   351.68   0.8222   2.2377   0.5029   0.2629   0.3317   0.2598   0.0033  -0.1395  -0.2037  -0.3709   2.9001   1.9905   8.0345         2.91          371.004273            5.560877           61.179930
2055    1.8185    201.00    5.02   14.96   89.06    0.00    0.00        1099.93           0.00           0.00        8948.01           0.00           0.00   420.66  1787.33   352.01   0.8227   2.2303   0.4996   0.2639   0.3304   0.2570   0.0033  -0.1380  -0.2046  -0.3676   2.8912   1.9932   8.0350         2.97          370.130320            5.696928           60.652382
2056    1.6813    198.98    5.01   14.40   89.63    0.00    0.00        1117.06           0.00           0.00        9249.15           0.00           0.00   420.06  1778.55   352.33   0.8236   2.2226   0.4964   0.2648   0.3289   0.2542   0.0033  -0.1365  -0.2054  -0.3643   2.8820   1.9953   8.0355         3.03          368.523683            5.810682           60.005657
2057    1.5639    196.96    5.00   13.91   90.08    0.00    0.00        1131.35           0.00           0.00        9529.93           0.00           0.00   419.44  1769.82   352.64   0.8246   2.2147   0.4931   0.2658   0.3280   0.2516   0.0033  -0.1351  -0.2060  -0.3611   2.8734   1.9970   8.0360         3.09          365.919429            5.892325           59.212220
2058    1.4747    194.94    4.99   13.53   90.39    0.00    0.00        1141.36           0.00           0.00        9779.70           0.00           0.00   418.81  1761.15   352.95   0.8252   2.2068   0.4899   0.2667   0.3266   0.2490   0.0034  -0.1336  -0.2068  -0.3578   2.8642   1.9983   8.0366         3.15          361.920954            5.926675           58.233242
2059    1.4286    192.91    4.99   13.30   90.50    0.00    0.00        1144.85           0.00           0.00        9980.78           0.00           0.00   418.20  1752.58   353.25   0.8258   2.1990   0.4867   0.2676   0.3252   0.2464   0.0034  -0.1321  -0.2076  -0.3545   2.8553   1.9992   8.0371         3.22          355.907488            5.890077           57.010469
2060    1.4531    190.89    4.98   13.33   90.29    0.00    0.00        1137.98           0.00           0.00       10101.07           0.00           0.00   417.62  1744.12   353.55   0.8261   2.1916   0.4835   0.2685   0.3233   0.2439   0.0034  -0.1307  -0.2083  -0.3511   2.8463   1.9998   8.0376         3.28          346.836748            5.746020           55.447713
2061    1.5865    188.45    4.98   13.75   89.60    0.00    0.00        1116.05           0.00           0.00       10033.05           0.00           0.00   417.11  1735.68   353.85   0.8269   2.1850   0.4803   0.2694   0.3219   0.2415   0.0034  -0.1299  -0.2088  -0.3495   2.8365   2.0000   8.0381         3.35          333.481804            5.450609           53.439534
2062    1.8203    186.00    4.98   14.54   88.49    0.00    0.00        1083.25           0.00           0.00        9859.02           0.00           0.00   416.71  1727.14   354.15   0.8278   2.1798   0.4771   0.2703   0.3203   0.2391   0.0035  -0.1292  -0.2093  -0.3478   2.8280   2.0000   8.0384         3.41          317.334267            5.048029           51.179713
2063    2.0449    183.56    4.98   15.30   87.44    0.00    0.00        1054.66           0.00           0.00        9702.53           0.00           0.00   416.42  1718.41   354.44   0.8295   2.1762   0.4738   0.2712   0.3191   0.2368   0.0035  -0.1285  -0.2098  -0.3461   2.8211   2.0000   8.0387         3.48          302.902434            4.695642           49.171471
2064    2.2792    181.11    4.98   16.09   86.37    0.00    0.00        1027.66           0.00           0.00        9542.82           0.00           0.00   416.25  1709.50   354.73   0.8304   2.1740   0.4704   0.2721   0.3175   0.2346   0.0035  -0.1277  -0.2103  -0.3445   2.8154   2.0000   8.0388         3.55          289.360414            4.364309           47.320376
2065    2.3634    178.66    4.98   16.33   85.95    0.00    0.00        1017.60           0.00           0.00        9541.10           0.00           0.00   416.15  1700.52   355.01   0.8314   2.1727   0.4670   0.2729   0.3159   0.2323   0.0036  -0.1277  -0.2107  -0.3445   2.8083   1.9999   8.0389         3.62          280.907910            4.196287           46.066753
2066    2.2587    176.22    4.98   15.87   86.36    0.00    0.00        1027.53           0.00           0.00        9742.87           0.00           0.00   416.05  1691.43   355.30   0.8327   2.1715   0.4635   0.2738   0.3149   0.2302   0.0036  -0.1270  -0.2112  -0.3428   2.8040   1.9999   8.0390         3.69          278.087979            4.219040           45.433618
2067    2.2074    173.77    4.98   15.62   86.51    0.00    0.00        1031.07           0.00           0.00        9879.93           0.00           0.00   415.93  1682.22   355.58   0.8340   2.1698   0.4600   0.2746   0.3131   0.2281   0.0036  -0.1262  -0.2116  -0.3411   2.7986   2.0000   8.0391         3.77          273.575229            4.184277           44.607222
2068    2.2266    171.33    4.98   15.62   86.36    0.00    0.00        1027.55           0.00           0.00        9944.50           0.00           0.00   415.80  1672.93   355.86   0.8349   2.1682   0.4565   0.2755   0.3115   0.2260   0.0036  -0.1255  -0.2122  -0.3394   2.7933   2.0000   8.0392         3.84          267.295611            4.085797           43.591275
2069    2.2049    168.88    4.98   15.47   86.39    0.00    0.00        1028.12           0.00           0.00       10051.13           0.00           0.00   415.68  1663.61   356.13   0.8360   2.1667   0.4529   0.2763   0.3099   0.2239   0.0037  -0.1248  -0.2126  -0.3378   2.7881   2.0000   8.0393         3.92          262.198716            4.023268           42.709139
2070    2.1444    166.44    4.98   15.18   86.56    0.00    0.00        1032.46           0.00           0.00       10197.81           0.00           0.00   415.55  1654.22   356.41   0.8373   2.1650   0.4493   0.2771   0.3088   0.2219   0.0037  -0.1240  -0.2132  -0.3361   2.7833   1.9999   8.0394         4.00          258.144723            3.994374           41.938067
2071    2.1978    163.72    4.99   15.31   86.35    0.00    0.00        1027.31           0.00           0.00       10203.70           0.00           0.00   415.43  1644.62   356.68   0.8394   2.1635   0.4456   0.2779   0.3058   0.2200   0.0037  -0.1233  -0.2126  -0.3344   2.7777   1.9998   8.0395         4.08          251.819045            3.885745           40.922196
2072    2.3565    161.01    5.00   15.82   85.70    0.00    0.00        1011.70           0.00           0.00       10098.00           0.00           0.00   415.37  1634.71   356.95   0.8418   2.1627   0.4417   0.2787   0.3035   0.2181   0.0038  -0.1218  -0.2120  -0.3310   2.7759   2.0000   8.0396         4.16          243.129903            3.688572           39.669233
2073    2.4609    158.30    5.02   16.13   85.30    0.00    0.00        1002.57           0.00           0.00       10059.09           0.00           0.00   415.37  1624.47   357.23   0.8445   2.1627   0.4377   0.2796   0.3009   0.2162   0.0038  -0.1218  -0.2115  -0.3310   2.7694   1.9999   8.0396         4.24          236.212905            3.546134           38.632603
2074    2.5039    155.59    5.03   16.22   85.15    0.00    0.00         999.11           0.00           0.00       10082.27           0.00           0.00   415.41  1613.94   357.50   0.8469   2.1631   0.4336   0.2804   0.2985   0.2143   0.0038  -0.1211  -0.2110  -0.3293   2.7661   1.9999   8.0396         4.33          230.780316            3.454687           37.771644
2075    2.6460    152.87    5.04   16.67   84.57    0.00    0.00         986.33           0.00           0.00        9992.15           0.00           0.00   415.48  1603.14   357.77   0.8496   2.1641   0.4294   0.2812   0.2959   0.2125   0.0038  -0.1204  -0.2104  -0.3276   2.7630   2.0000   8.0395         4.42          223.361952            3.288332           36.712602
2076    2.6964    150.16    5.06   16.79   84.40    0.00    0.00         982.54           0.00           0.00       10008.72           0.00           0.00   415.60  1592.12   358.05   0.8521   2.1656   0.4251   0.2820   0.2934   0.2107   0.0039  -0.1204  -0.2098  -0.3276   2.7580   2.0000   8.0394         4.50          218.141541            3.194372           35.910152
2077    2.6283    147.45    5.07   16.47   84.68    0.00    0.00         988.58           0.00           0.00       10142.01           0.00           0.00   415.71  1580.94   358.32   0.8543   2.1671   0.4207   0.2828   0.2904   0.2089   0.0039  -0.1196  -0.2093  -0.3259   2.7548   2.0000   8.0393         4.59          215.177989            3.180093           35.356053
2078    2.6337    144.74    5.08   16.42   84.67    0.00    0.00         988.38           0.00           0.00       10197.47           0.00           0.00   415.81  1569.61   358.59   0.8571   2.1683   0.4162   0.2836   0.2878   0.2072   0.0039  -0.1189  -0.2088  -0.3242   2.7516   2.0000   8.0392         4.69          210.915757            3.116600           34.661444
2079    2.6413    142.03    5.09   16.37   84.62    0.00    0.00         987.30           0.00           0.00       10246.24           0.00           0.00   415.91  1558.09   358.87   0.8598   2.1696   0.4116   0.2845   0.2851   0.2054   0.0040  -0.1189  -0.2082  -0.3242   2.7462   1.9999   8.0391         4.78          206.554968            3.045759           33.962114
2080    2.7038    139.31    5.11   16.53   84.40    0.00    0.00         982.61           0.00           0.00       10250.86           0.00           0.00   416.02  1546.41   359.14   0.8627   2.1711   0.4069   0.2853   0.2824   0.2037   0.0040  -0.1174  -0.2077  -0.3208   2.7455   2.0000   8.0390         4.88          201.543004            2.950731           33.201977
2081    2.8808    138.39    5.14   17.17   83.73    0.00    0.00         968.49           0.00           0.00       10095.19           0.00           0.00   416.19  1534.89   359.42   0.8656   2.1733   0.4023   0.2861   0.2797   0.2021   0.0040  -0.1174  -0.2069  -0.3208   2.7410   2.0000   8.0389         4.97          194.752443            2.786436           32.268519
2082    2.9013    137.48    5.17   17.24   83.64    0.00    0.00         966.65           0.00           0.00       10087.04           0.00           0.00   416.40  1523.84   359.70   0.8683   2.1759   0.3979   0.2869   0.2764   0.2004   0.0041  -0.1174  -0.2061  -0.3208   2.7366   1.9999   8.0387         5.07          190.569998            2.712274           31.635925
2083    2.7267    136.56    5.21   16.59   84.25    0.00    0.00         979.34           0.00           0.00       10264.22           0.00           0.00   416.57  1513.15   359.98   0.8720   2.1781   0.3936   0.2878   0.2741   0.1988   0.0041  -0.1167  -0.2054  -0.3191   2.7353   1.9999   8.0385         5.17          189.286059            2.743944           31.317130
2084    2.6176    135.64    5.24   16.17   84.65    0.00    0.00         987.91           0.00           0.00       10388.51           0.00           0.00   416.68  1502.76   360.27   0.8751   2.1795   0.3894   0.2886   0.2714   0.1972   0.0041  -0.1167  -0.2046  -0.3191   2.7305   1.9999   8.0384         5.28          187.199087            2.745905           30.903171
2085    2.5928    134.72    5.27   16.07   84.72    0.00    0.00         989.61           0.00           0.00       10424.60           0.00           0.00   416.77  1492.70   360.57   0.8780   2.1806   0.3853   0.2895   0.2694   0.1957   0.0042  -0.1160  -0.2039  -0.3173   2.7286   1.9999   8.0384         5.38          183.843766            2.700861           30.350802
2086    2.6653    133.80    5.30   16.33   84.45    0.00    0.00         983.58           0.00           0.00       10370.10           0.00           0.00   416.87  1482.92   360.86   0.8814   2.1819   0.3813   0.2904   0.2666   0.1941   0.0042  -0.1152  -0.2030  -0.3156   2.7265   2.0000   8.0383         5.49          179.141466            2.602794           29.661189
2087    2.6897    132.88    5.34   16.41   84.35    0.00    0.00         981.47           0.00           0.00       10363.16           0.00           0.00   417.00  1473.44   361.16   0.8838   2.1835   0.3774   0.2913   0.2635   0.1926   0.0042  -0.1152  -0.2023  -0.3156   2.7219   1.9999   8.0382         5.60          175.251601            2.532300           29.071198
2088    2.6470    131.97    5.37   16.24   84.49    0.00    0.00         984.56           0.00           0.00       10416.73           0.00           0.00   417.12  1464.24   361.47   0.8871   2.1851   0.3736   0.2922   0.2614   0.1911   0.0043  -0.1145  -0.2016  -0.3139   2.7209   2.0000   8.0381         5.71          172.357023            2.497667           28.595081
2089    2.5713    131.05    5.40   15.95   84.73    0.00    0.00         989.66           0.00           0.00       10498.58           0.00           0.00   417.22  1455.25   361.78   0.8900   2.1864   0.3699   0.2931   0.2589   0.1896   0.0043  -0.1145  -0.2008  -0.3139   2.7169   2.0000   8.0380         5.83          169.851649            2.476225           28.162582
2090    2.4827    130.13    5.44   15.61   85.04    0.00    0.00         996.68           0.00           0.00       10603.51           0.00           0.00   417.29  1446.50   362.09   0.8928   2.1874   0.3663   0.2941   0.2563   0.1881   0.0044  -0.1138  -0.2000  -0.3122   2.7150   2.0000   8.0379         5.94          167.702758            2.467606           27.767689
2091    2.4458    129.34    5.42   15.45   85.17    0.00    0.00         999.64           0.00           0.00       10662.68           0.00           0.00   417.34  1438.02   362.41   0.8952   2.1880   0.3628   0.2950   0.2554   0.1867   0.0044  -0.1138  -0.1999  -0.3122   2.7115   1.9999   8.0379         6.06          164.902044            2.434188           27.302291
2092    2.4620    128.54    5.41   15.49   85.12    0.00    0.00         998.33           0.00           0.00       10674.23           0.00           0.00   417.40  1429.86   362.71   0.8973   2.1887   0.3594   0.2959   0.2540   0.1853   0.0044  -0.1130  -0.1996  -0.3104   2.7102   2.0000   8.0378         6.18          161.457903            2.374366           26.772052
2093    2.4262    127.75    5.40   15.33   85.24    0.00    0.00        1001.19           0.00           0.00       10732.32           0.00           0.00   417.46  1422.03   363.02   0.8993   2.1894   0.3561   0.2968   0.2527   0.1839   0.0045  -0.1130  -0.1995  -0.3104   2.7066   1.9999   8.0378         6.31          158.745270            2.340140           26.325814
2094    2.3369    126.96    5.39   14.98   85.57    0.00    0.00        1008.67           0.00           0.00       10849.83           0.00           0.00   417.49  1414.50   363.31   0.9012   2.1899   0.3530   0.2977   0.2514   0.1825   0.0045  -0.1123  -0.1994  -0.3087   2.7053   2.0000   8.0377         6.43          156.794552            2.334342           25.961887
2095    2.2831    126.16    5.38   14.75   85.72    0.00    0.00        1012.25           0.00           0.00       10916.38           0.00           0.00   417.51  1407.29   363.61   0.9029   2.1901   0.3500   0.2986   0.2502   0.1812   0.0046  -0.1123  -0.1992  -0.3087   2.7016   1.9999   8.0377         6.56          154.266241            2.306191           25.534646
2096    2.2865    125.37    5.37   14.74   85.71    0.00    0.00        1011.84           0.00           0.00       10935.32           0.00           0.00   417.52  1400.29   363.89   0.9054   2.1902   0.3470   0.2994   0.2494   0.1799   0.0046  -0.1116  -0.1991  -0.3070   2.7007   2.0000   8.0377         6.69          151.181032            2.254964           25.050296
2097    2.2381    124.58    5.35   14.54   85.88    0.00    0.00        1015.95           0.00           0.00       11012.11           0.00           0.00   417.53  1393.49   364.17   0.9072   2.1904   0.3442   0.3002   0.2482   0.1786   0.0046  -0.1116  -0.1990  -0.3070   2.6969   1.9999   8.0377         6.83          148.818292            2.230042           24.646618
2098    2.1311    123.78    5.34   14.12   86.26    0.00    0.00        1025.05           0.00           0.00       11143.60           0.00           0.00   417.52  1386.90   364.45   0.9091   2.1902   0.3414   0.3011   0.2476   0.1773   0.0047  -0.1108  -0.1988  -0.3052   2.6962   2.0000   8.0377         6.96          147.206221            2.233656           24.321560
2099    2.0776    122.99    5.33   13.90   86.45    0.00    0.00        1029.70           0.00           0.00       11226.27           0.00           0.00   417.48  1380.51   364.72   0.9108   2.1897   0.3387   0.3019   0.2457   0.1760   0.0047  -0.1108  -0.1985  -0.3052   2.6914   1.9998   8.0377         7.10          144.975023            2.211975           23.926649
2100    2.1126    122.19    5.32   14.00   86.32    0.00    0.00        1026.47           0.00           0.00       11212.58           0.00           0.00   417.45  1374.33   364.99   0.9124   2.1893   0.3361   0.3027   0.2447   0.1748   0.0048  -0.1094  -0.1985  -0.3017   2.6923   2.0000   8.0378         7.24          141.686336            2.148672           23.420822
2101    2.2615    122.19    5.32   14.55   85.79    0.00    0.00        1013.70           0.00           0.00       11060.72           0.00           0.00   417.47  1368.51   365.25   0.9137   2.1896   0.3336   0.3034   0.2438   0.1735   0.0048  -0.1094  -0.1985  -0.3017   2.6893   2.0000   8.0378         7.39          137.181042            2.033908           22.795632
2102    2.3030    122.19    5.32   14.70   85.64    0.00    0.00        1010.23           0.00           0.00       11018.72           0.00           0.00   417.53  1363.17   365.51   0.9148   2.1904   0.3313   0.3042   0.2429   0.1723   0.0049  -0.1094  -0.1985  -0.3017   2.6871   2.0000   8.0377         7.54          134.029599            1.968466           22.328934
2103    2.2202    122.19    5.32   14.39   85.93    0.00    0.00        1017.20           0.00           0.00       11102.62           0.00           0.00   417.59  1358.28   365.77   0.9159   2.1912   0.3292   0.3050   0.2422   0.1711   0.0049  -0.1094  -0.1985  -0.3017   2.6851   2.0000   8.0376         7.69          132.308477            1.959184           22.020069
2104    2.1889    122.19    5.32   14.28   86.05    0.00    0.00        1019.87           0.00           0.00       11134.50           0.00           0.00   417.63  1353.80   366.03   0.9168   2.1917   0.3273   0.3057   0.2415   0.1700   0.0050  -0.1094  -0.1985  -0.3017   2.6831   2.0000   8.0376         7.84          130.054928            1.927718           21.654429
2105    2.1442    122.19    5.32   14.11   86.21    0.00    0.00        1023.73           0.00           0.00       11180.25           0.00           0.00   417.66  1349.69   366.28   0.9177   2.1921   0.3256   0.3065   0.2409   0.1688   0.0050  -0.1094  -0.1985  -0.3017   2.6812   2.0000   8.0376         8.00          127.987020            1.902682           21.310797
2106    2.0993    122.19    5.32   13.95   86.37    0.00    0.00        1027.63           0.00           0.00       11226.30           0.00           0.00   417.68  1345.94   366.53   0.9185   2.1923   0.3239   0.3072   0.2403   0.1677   0.0051  -0.1094  -0.1985  -0.3017   2.6793   2.0000   8.0376         8.16          125.956484            1.878256           20.972617
2107    2.0566    122.19    5.32   13.79   86.52    0.00    0.00        1031.38           0.00           0.00       11270.17           0.00           0.00   417.68  1342.49   366.78   0.9193   2.1923   0.3225   0.3080   0.2397   0.1666   0.0051  -0.1094  -0.1985  -0.3017   2.6774   2.0000   8.0376         8.32          123.937242            1.853426           20.637050
2108    2.0139    122.19    5.32   13.64   86.67    0.00    0.00        1035.19           0.00           0.00       11314.37           0.00           0.00   417.67  1339.34   367.03   0.9200   2.1922   0.3211   0.3087   0.2392   0.1654   0.0051  -0.1094  -0.1985  -0.3017   2.6755   2.0000   8.0376         8.49          121.955075            1.829231           20.306884
2109    1.9728    122.19    5.32   13.49   86.82    0.00    0.00        1038.87           0.00           0.00       11356.98           0.00           0.00   417.66  1336.46   367.27   0.9206   2.1920   0.3199   0.3094   0.2388   0.1644   0.0052  -0.1094  -0.1985  -0.3017   2.6737   2.0000   8.0376         8.66          119.989867            1.804901           19.979895
2110    1.9323    122.19    5.32   13.34   86.97    0.00    0.00        1042.55           0.00           0.00       11399.13           0.00           0.00   417.63  1333.81   367.51   0.9212   2.1917   0.3187   0.3101   0.2384   0.1633   0.0052  -0.1094  -0.1985  -0.3017   2.6719   2.0000   8.0376         8.83          118.053060            1.780894           19.657333
2111    1.8935    122.19    5.32   13.20   87.11    0.00    0.00        1046.10           0.00           0.00       11439.59           0.00           0.00   417.60  1331.39   367.75   0.9217   2.1913   0.3177   0.3108   0.2380   0.1622   0.0053  -0.1094  -0.1985  -0.3017   2.6701   2.0000   8.0376         9.01          116.132208            1.756736           19.337829
2112    1.8555    122.19    5.32   13.06   87.24    0.00    0.00        1049.61           0.00           0.00       11479.44           0.00           0.00   417.56  1329.18   367.99   0.9222   2.1907   0.3167   0.3115   0.2376   0.1612   0.0053  -0.1094  -0.1985  -0.3017   2.6684   2.0000   8.0377         9.19          114.237889            1.732854           19.022548
2113    1.8192    122.19    5.32   12.92   87.37    0.00    0.00        1053.00           0.00           0.00       11517.56           0.00           0.00   417.51  1327.15   368.23   0.9227   2.1901   0.3158   0.3122   0.2373   0.1601   0.0054  -0.1094  -0.1985  -0.3017   2.6666   2.0000   8.0377         9.37          112.358937            1.708813           18.710267
2114    1.7837    122.19    5.32   12.79   87.50    0.00    0.00        1056.34           0.00           0.00       11555.06           0.00           0.00   417.46  1325.29   368.46   0.9231   2.1895   0.3150   0.3129   0.2370   0.1591   0.0054  -0.1094  -0.1985  -0.3017   2.6650   2.0000   8.0378         9.56          110.506071            1.685054           18.402168
2115    1.7499    122.19    5.32   12.67   87.62    0.00    0.00        1059.56           0.00           0.00       11590.83           0.00           0.00   417.40  1323.59   368.69   0.9235   2.1887   0.3143   0.3136   0.2368   0.1581   0.0055  -0.1094  -0.1985  -0.3017   2.6633   2.0000   8.0378         9.75          108.668697            1.661156           18.097092
2116    1.7167    122.19    5.32   12.55   87.74    0.00    0.00        1062.73           0.00           0.00       11626.03           0.00           0.00   417.34  1322.03   368.92   0.9238   2.1879   0.3136   0.3143   0.2365   0.1572   0.0055  -0.1094  -0.1985  -0.3017   2.6616   2.0000   8.0379         9.95          106.857505            1.637562           17.796215
2117    1.6852    122.19    5.32   12.43   87.85    0.00    0.00        1065.78           0.00           0.00       11659.55           0.00           0.00   417.27  1320.61   369.15   0.9241   2.1870   0.3130   0.3149   0.2363   0.1562   0.0055  -0.1094  -0.1985  -0.3017   2.6600   2.0000   8.0379        10.14          105.062263            1.613863           17.498419
2118    1.6543    122.19    5.32   12.32   87.96    0.00    0.00        1068.79           0.00           0.00       11692.59           0.00           0.00   417.20  1319.30   369.37   0.9244   2.1861   0.3125   0.3156   0.2361   0.1552   0.0056  -0.1094  -0.1985  -0.3017   2.6584   2.0000   8.0380        10.35          103.293486            1.590497           17.204854
2119    1.6249    122.19    5.32   12.21   88.07    0.00    0.00        1071.67           0.00           0.00       11724.01           0.00           0.00   417.12  1318.11   369.60   0.9247   2.1852   0.3119   0.3163   0.2359   0.1543   0.0056  -0.1094  -0.1985  -0.3017   2.6569   2.0000   8.0381        10.55          101.541207            1.567064           16.914430
2120    1.5960    122.19    5.32   12.10   88.17    0.00    0.00        1074.53           0.00           0.00       11755.03           0.00           0.00   417.04  1317.01   369.82   0.9249   2.1842   0.3115   0.3169   0.2357   0.1534   0.0057  -0.1094  -0.1985  -0.3017   2.6553   2.0000   8.0381        10.77           99.815692            1.543994           16.628267
2121    1.5686    122.19    5.32   12.00   88.27    0.00    0.00        1077.26           0.00           0.00       11784.52           0.00           0.00   416.96  1316.01   370.04   0.9252   2.1831   0.3110   0.3175   0.2355   0.1524   0.0057  -0.1094  -0.1985  -0.3017   2.6538   2.0000   8.0382        10.98           98.107191            1.520892           16.345293
2122    1.5415    122.19    5.32   11.91   88.37    0.00    0.00        1079.97           0.00           0.00       11813.68           0.00           0.00   416.88  1315.10   370.25   0.9254   2.1821   0.3106   0.3182   0.2354   0.1515   0.0058  -0.1094  -0.1985  -0.3017   2.6523   2.0000   8.0383        11.20           96.425682            1.498182           16.066595
2123    1.5159    122.19    5.32   11.81   88.46    0.00    0.00        1082.56           0.00           0.00       11841.39           0.00           0.00   416.80  1314.26   370.47   0.9256   2.1810   0.3103   0.3188   0.2353   0.1507   0.0058  -0.1094  -0.1985  -0.3017   2.6508   2.0000   8.0383        11.42           94.761615            1.475474           15.791120
2124    1.4906    122.19    5.32   11.72   88.55    0.00    0.00        1085.14           0.00           0.00       11868.85           0.00           0.00   416.71  1313.49   370.68   0.9257   2.1799   0.3099   0.3194   0.2351   0.1498   0.0059  -0.1094  -0.1985  -0.3017   2.6494   2.0000   8.0384        11.65           93.124669            1.453181           15.519918
2125    1.4666    122.19    5.32   11.63   88.64    0.00    0.00        1087.60           0.00           0.00       11894.93           0.00           0.00   416.62  1312.79   370.89   0.9259   2.1787   0.3096   0.3201   0.2350   0.1489   0.0059  -0.1094  -0.1985  -0.3017   2.6479   2.0000   8.0385        11.89           91.505486            1.430920           15.251955
2126    1.4428    122.19    5.32   11.54   88.72    0.00    0.00        1090.05           0.00           0.00       11920.83           0.00           0.00   416.53  1312.14   371.10   0.9260   2.1776   0.3093   0.3207   0.2349   0.1481   0.0059  -0.1094  -0.1985  -0.3017   2.6465   2.0000   8.0386        12.12           89.913442            1.409095           14.988243
2127    1.4202    122.19    5.32   11.46   88.80    0.00    0.00        1092.39           0.00           0.00       11945.43           0.00           0.00   416.44  1311.56   371.31   0.9262   2.1764   0.3091   0.3213   0.2348   0.1472   0.0060  -0.1094  -0.1985  -0.3017   2.6451   2.0000   8.0387        12.37           88.339373            1.387329           14.727770
2128    1.3979    122.19    5.32   11.38   88.88    0.00    0.00        1094.72           0.00           0.00       11969.91           0.00           0.00   416.35  1311.02   371.51   0.9263   2.1753   0.3089   0.3219   0.2348   0.1464   0.0060  -0.1094  -0.1985  -0.3017   2.6437   2.0000   8.0387        12.61           86.792357            1.366013           14.471510
2129    1.3767    122.19    5.32   11.30   88.96    0.00    0.00        1096.95           0.00           0.00       11993.14           0.00           0.00   416.26  1310.52   371.72   0.9264   2.1741   0.3086   0.3225   0.2347   0.1456   0.0061  -0.1094  -0.1985  -0.3017   2.6424   2.0000   8.0388        12.87           85.263428            1.344781           14.218471
2130    1.3555    122.19    5.32   11.22   89.04    0.00    0.00        1099.17           0.00           0.00       12016.33           0.00           0.00   416.16  1310.07   371.92   0.9265   2.1729   0.3084   0.3231   0.2346   0.1448   0.0061  -0.1094  -0.1985  -0.3017   2.6410   2.0000   8.0389        13.12           83.761368            1.324012           13.969593
2131    1.3356    122.19    5.32   11.15   89.11    0.00    0.00        1101.29           0.00           0.00       12038.32           0.00           0.00   416.07  1309.66   372.12   0.9266   2.1717   0.3083   0.3237   0.2345   0.1440   0.0062  -0.1094  -0.1985  -0.3017   2.6397   2.0000   8.0390        13.39           82.277415            1.303346           13.723906
2132    1.3156    122.19    5.32   11.08   89.18    0.00    0.00        1103.42           0.00           0.00       12060.32           0.00           0.00   415.98  1309.28   372.32   0.9267   2.1705   0.3081   0.3242   0.2345   0.1432   0.0062  -0.1094  -0.1985  -0.3017   2.6384   2.0000   8.0391        13.65           80.820063            1.283154           13.482314
2133    1.2967    122.19    5.32   11.01   89.25    0.00    0.00        1105.45           0.00           0.00       12081.18           0.00           0.00   415.88  1308.93   372.51   0.9268   2.1693   0.3079   0.3248   0.2344   0.1424   0.0063  -0.1094  -0.1985  -0.3017   2.6371   2.0000   8.0391        13.93           79.380758            1.263083           13.243868
2134    1.2778    122.19    5.32   10.94   89.32    0.00    0.00        1107.48           0.00           0.00       12102.09           0.00           0.00   415.79  1308.62   372.71   0.9268   2.1681   0.3078   0.3254   0.2344   0.1417   0.0063  -0.1094  -0.1985  -0.3017   2.6358   2.0000   8.0392        14.20           77.967713            1.243492           13.009441
2135    1.2599    122.19    5.32   10.87   89.38    0.00    0.00        1109.42           0.00           0.00       12121.90           0.00           0.00   415.69  1308.33   372.90   0.9269   2.1669   0.3077   0.3259   0.2343   0.1409   0.0064  -0.1094  -0.1985  -0.3017   2.6346   2.0000   8.0393        14.49           76.572584            1.224038           12.778107
2136    1.2420    122.19    5.32   10.81   89.44    0.00    0.00        1111.37           0.00           0.00       12141.82           0.00           0.00   415.60  1308.06   373.09   0.9270   2.1656   0.3076   0.3265   0.2343   0.1402   0.0064  -0.1094  -0.1985  -0.3017   2.6333   2.0000   8.0394        14.78           75.203315            1.205069           12.550705
2137    1.2250    122.19    5.32   10.74   89.50    0.00    0.00        1113.23           0.00           0.00       12160.68           0.00           0.00   415.51  1307.82   373.28   0.9270   2.1644   0.3075   0.3271   0.2342   0.1395   0.0064  -0.1094  -0.1985  -0.3017   2.6321   2.0000   8.0395        15.07           73.851773            1.186252           12.326332
2138    1.2080    122.19    5.32   10.68   89.57    0.00    0.00        1115.10           0.00           0.00       12179.69           0.00           0.00   415.41  1307.60   373.47   0.9271   2.1632   0.3074   0.3276   0.2342   0.1387   0.0065  -0.1094  -0.1985  -0.3017   2.6309   2.0000   8.0396        15.38           72.525638            1.167924           12.105798
2139    1.1919    122.19    5.32   10.62   89.62    0.00    0.00        1116.88           0.00           0.00       12197.67           0.00           0.00   415.32  1307.39   373.65   0.9271   2.1620   0.3073   0.3281   0.2342   0.1380   0.0065  -0.1094  -0.1985  -0.3017   2.6297   2.0000   8.0396        15.68           71.216988            1.149759           11.888221
2140    1.1756    122.19    5.32   10.56   89.68    0.00    0.00        1118.68           0.00           0.00       12215.83           0.00           0.00   415.22  1307.21   373.83   0.9272   2.1608   0.3072   0.3287   0.2341   0.1373   0.0066  -0.1094  -0.1985  -0.3017   2.6285   2.0000   8.0397        16.00           69.933257            1.132086           11.674382
2141    1.1603    122.19    5.32   10.51   89.74    0.00    0.00        1120.39           0.00           0.00       12233.00           0.00           0.00   415.13  1307.04   374.02   0.9272   2.1596   0.3071   0.3292   0.2341   0.1366   0.0066  -0.1094  -0.1985  -0.3017   2.6273   2.0000   8.0398        16.32           68.666729            1.114588           11.463423
2142    1.1448    122.19    5.32   10.45   89.79    0.00    0.00        1122.13           0.00           0.00       12250.39           0.00           0.00   415.04  1306.88   374.20   0.9272   2.1584   0.3070   0.3297   0.2341   0.1360   0.0067  -0.1094  -0.1985  -0.3017   2.6262   2.0000   8.0399        16.64           67.424589            1.097582           11.256095
2143    1.1301    122.19    5.32   10.40   89.85    0.00    0.00        1123.77           0.00           0.00       12266.82           0.00           0.00   414.95  1306.74   374.38   0.9273   2.1573   0.3070   0.3303   0.2341   0.1353   0.0067  -0.1094  -0.1985  -0.3017   2.6250   2.0000   8.0400        16.98           66.199343            1.080763           11.051565
2144    1.1153    122.19    5.32   10.34   89.90    0.00    0.00        1125.44           0.00           0.00       12283.50           0.00           0.00   414.86  1306.61   374.55   0.9273   2.1561   0.3069   0.3308   0.2340   0.1346   0.0068  -0.1094  -0.1985  -0.3017   2.6239   2.0000   8.0400        17.32           64.997930            1.064438           10.850554
2145    1.1013    122.19    5.32   10.29   89.95    0.00    0.00        1127.03           0.00           0.00       12299.23           0.00           0.00   414.76  1306.49   374.73   0.9273   2.1549   0.3069   0.3313   0.2340   0.1340   0.0068  -0.1094  -0.1985  -0.3017   2.6228   2.0000   8.0401        17.66           63.813070            1.048310           10.652253
2146    1.0871    122.19    5.32   10.24   90.00    0.00    0.00        1128.64           0.00           0.00       12315.25           0.00           0.00   414.67  1306.38   374.90   0.9273   2.1537   0.3068   0.3318   0.2340   0.1333   0.0068  -0.1094  -0.1985  -0.3017   2.6217   2.0000   8.0402        18.01           62.651470            1.032676           10.457357
2147    1.0738    122.19    5.32   10.19   90.05    0.00    0.00        1130.17           0.00           0.00       12330.35           0.00           0.00   414.58  1306.28   375.07   0.9274   2.1526   0.3068   0.3323   0.2340   0.1327   0.0069  -0.1094  -0.1985  -0.3017   2.6206   2.0000   8.0403        18.37           61.506062            1.017249           10.265079
2148    1.0602    122.19    5.32   10.14   90.10    0.00    0.00        1131.73           0.00           0.00       12345.75           0.00           0.00   414.49  1306.19   375.25   0.9274   2.1514   0.3067   0.3328   0.2340   0.1320   0.0069  -0.1094  -0.1985  -0.3017   2.6195   2.0000   8.0404        18.74           60.383327            1.002318           10.076087
2149    1.0473    122.19    5.32   10.09   90.14    0.00    0.00        1133.20           0.00           0.00       12360.26           0.00           0.00   414.40  1306.10   375.41   0.9274   2.1503   0.3067   0.3333   0.2340   0.1314   0.0070  -0.1094  -0.1985  -0.3017   2.6184   2.0000   8.0404        19.12           59.276405            0.987604            9.889619
2150    1.0343    122.19    5.32   10.05   90.19    0.00    0.00        1134.71           0.00           0.00       12375.09           0.00           0.00   414.32  1306.03   375.58   0.9274   2.1491   0.3067   0.3338   0.2340   0.1308   0.0070  -0.1094  -0.1985  -0.3017   2.6174   2.0000   8.0405        19.50           58.191561            0.973388            9.706316
2151    1.0220    122.19    5.32   10.00   90.23    0.00    0.00        1136.14           0.00           0.00       12389.04           0.00           0.00   414.23  1305.96   375.75   0.9274   2.1480   0.3066   0.3343   0.2339   0.1302   0.0071  -0.1094  -0.1985  -0.3017   2.6163   2.0000   8.0406        19.89           57.122139            0.959400            9.525438
2152    1.0094    122.19    5.32    9.95   90.28    0.00    0.00        1137.60           0.00           0.00       12403.34           0.00           0.00   414.14  1305.89   375.91   0.9275   2.1469   0.3066   0.3347   0.2339   0.1296   0.0071  -0.1094  -0.1985  -0.3017   2.6153   2.0000   8.0407        20.29           56.074192            0.945911            9.347603
2153    0.9976    122.19    5.32    9.91   90.32    0.00    0.00        1138.98           0.00           0.00       12416.78           0.00           0.00   414.05  1305.83   376.08   0.9275   2.1458   0.3066   0.3352   0.2339   0.1290   0.0072  -0.1094  -0.1985  -0.3017   2.6143   2.0000   8.0407        20.69           55.041269            0.932663            9.172092
2154    0.9855    122.19    5.32    9.87   90.36    0.00    0.00        1140.39           0.00           0.00       12430.59           0.00           0.00   413.97  1305.78   376.24   0.9275   2.1446   0.3066   0.3357   0.2339   0.1284   0.0072  -0.1094  -0.1985  -0.3017   2.6133   2.0000   8.0408        21.11           54.029219            0.919918            8.999499
2155    0.9741    122.19    5.32    9.82   90.41    0.00    0.00        1141.73           0.00           0.00       12443.55           0.00           0.00   413.88  1305.73   376.40   0.9275   2.1435   0.3065   0.3362   0.2339   0.1278   0.0072  -0.1094  -0.1985  -0.3017   2.6123   2.0000   8.0409        21.53           53.031788            0.907425            8.829126
2156    0.9624    122.19    5.32    9.78   90.45    0.00    0.00        1143.11           0.00           0.00       12456.89           0.00           0.00   413.80  1305.69   376.56   0.9275   2.1425   0.3065   0.3366   0.2339   0.1273   0.0073  -0.1094  -0.1985  -0.3017   2.6113   2.0000   8.0410        21.96           52.054628            0.895440            8.661545
2157    0.9515    122.19    5.32    9.74   90.49    0.00    0.00        1144.40           0.00           0.00       12469.40           0.00           0.00   413.71  1305.64   376.71   0.9275   2.1414   0.3065   0.3371   0.2339   0.1267   0.0073  -0.1094  -0.1985  -0.3017   2.6103   2.0000   8.0410        22.40           51.091680            0.883722            8.496078
2158    0.9402    122.19    5.32    9.70   90.53    0.00    0.00        1145.74           0.00           0.00       12482.31           0.00           0.00   413.63  1305.61   376.87   0.9275   2.1403   0.3065   0.3375   0.2339   0.1262   0.0074  -0.1094  -0.1985  -0.3017   2.6093   2.0000   8.0411        22.85           50.148404            0.872518            8.333274
2159    0.9297    122.19    5.32    9.66   90.56    0.00    0.00        1146.99           0.00           0.00       12494.40           0.00           0.00   413.55  1305.57   377.02   0.9275   2.1392   0.3065   0.3380   0.2339   0.1256   0.0074  -0.1094  -0.1985  -0.3017   2.6084   2.0000   8.0412        23.30           49.218934            0.861595            8.172476
2160    0.9188    122.19    5.32    9.62   90.60    0.00    0.00        1148.29           0.00           0.00       12506.90           0.00           0.00   413.47  1305.54   377.18   0.9275   2.1382   0.3065   0.3384   0.2339   0.1251   0.0075  -0.1094  -0.1985  -0.3017   2.6074   2.0000   8.0413        23.77           48.308543            0.851195            8.014211
2161    0.9086    122.19    5.32    9.58   90.64    0.00    0.00        1149.51           0.00           0.00       12518.58           0.00           0.00   413.38  1305.51   377.33   0.9275   2.1371   0.3065   0.3389   0.2339   0.1245   0.0075  -0.1094  -0.1985  -0.3017   2.6065   2.0000   8.0413        24.25           47.411552            0.841095            7.857841
2162    0.8981    122.19    5.32    9.55   90.68    0.00    0.00        1150.77           0.00           0.00       12530.70           0.00           0.00   413.30  1305.48   377.48   0.9276   2.1361   0.3064   0.3393   0.2339   0.1240   0.0076  -0.1094  -0.1985  -0.3017   2.6056   2.0000   8.0414        24.73           46.533055            0.831527            7.703871
2163    0.8883    122.19    5.32    9.51   90.71    0.00    0.00        1151.96           0.00           0.00       12542.01           0.00           0.00   413.22  1305.46   377.63   0.9276   2.1350   0.3064   0.3397   0.2339   0.1235   0.0076  -0.1094  -0.1985  -0.3017   2.6046   2.0000   8.0415        25.22           45.667554            0.822279            7.551682
2164    0.8781    122.19    5.32    9.47   90.75    0.00    0.00        1153.19           0.00           0.00       12553.77           0.00           0.00   413.14  1305.44   377.77   0.9276   2.1340   0.3064   0.3402   0.2339   0.1230   0.0076  -0.1094  -0.1985  -0.3017   2.6037   2.0000   8.0415        25.73           44.819973            0.813576            7.401760
2165    0.8686    122.19    5.32    9.44   90.78    0.00    0.00        1154.34           0.00           0.00       12564.73           0.00           0.00   413.07  1305.42   377.92   0.9276   2.1330   0.3064   0.3406   0.2339   0.1224   0.0077  -0.1094  -0.1985  -0.3017   2.6028   2.0000   8.0416        26.24           43.984989            0.805216            7.253503
2166    0.8587    122.19    5.32    9.40   90.82    0.00    0.00        1155.54           0.00           0.00       12576.13           0.00           0.00   412.99  1305.40   378.06   0.9276   2.1320   0.3064   0.3410   0.2338   0.1219   0.0077  -0.1094  -0.1985  -0.3017   2.6019   2.0000   8.0417        26.77           43.167357            0.797418            7.107375
2167    0.8495    122.19    5.32    9.37   90.85    0.00    0.00        1156.66           0.00           0.00       12586.76           0.00           0.00   412.91  1305.38   378.21   0.9276   2.1310   0.3064   0.3414   0.2338   0.1214   0.0078  -0.1094  -0.1985  -0.3017   2.6010   2.0000   8.0418        27.30           42.361931            0.789986            6.962793
2168    0.8399    122.19    5.32    9.33   90.89    0.00    0.00        1157.83           0.00           0.00       12597.84           0.00           0.00   412.83  1305.37   378.35   0.9276   2.1300   0.3064   0.3418   0.2338   0.1210   0.0078  -0.1094  -0.1985  -0.3017   2.6002   2.0000   8.0418        27.85           41.573302            0.783138            6.820200
2169    0.8310    122.19    5.32    9.30   90.92    0.00    0.00        1158.92           0.00           0.00       12608.15           0.00           0.00   412.76  1305.35   378.49   0.9276   2.1290   0.3064   0.3423   0.2338   0.1205   0.0079  -0.1094  -0.1985  -0.3017   2.5993   2.0000   8.0419        28.41           40.796491            0.776686            6.679029
2170    0.8217    122.19    5.32    9.27   90.95    0.00    0.00        1160.06           0.00           0.00       12618.92           0.00           0.00   412.68  1305.34   378.63   0.9276   2.1280   0.3064   0.3427   0.2338   0.1200   0.0079  -0.1094  -0.1985  -0.3017   2.5984   2.0000   8.0420        28.98           40.035934            0.770840            6.539707
2171    0.8131    122.19    5.32    9.23   90.98    0.00    0.00        1161.12           0.00           0.00       12628.93           0.00           0.00   412.60  1305.33   378.77   0.9276   2.1270   0.3064   0.3431   0.2338   0.1195   0.0079  -0.1094  -0.1985  -0.3017   2.5976   2.0000   8.0420        29.55           39.286817            0.765424            6.401679
2172    0.8041    122.19    5.32    9.20   91.02    0.00    0.00        1162.23           0.00           0.00       12639.41           0.00           0.00   412.53  1305.32   378.91   0.9276   2.1261   0.3064   0.3435   0.2338   0.1190   0.0080  -0.1094  -0.1985  -0.3017   2.5967   2.0000   8.0421        30.15           38.553421            0.760645            6.265354
2173    0.7957    122.19    5.32    9.17   91.05    0.00    0.00        1163.26           0.00           0.00       12649.12           0.00           0.00   412.46  1305.31   379.04   0.9276   2.1251   0.3064   0.3439   0.2338   0.1186   0.0080  -0.1094  -0.1985  -0.3017   2.5959   2.0000   8.0422        30.75           37.831094            0.756334            6.130193
2174    0.7870    122.19    5.32    9.14   91.08    0.00    0.00        1164.35           0.00           0.00       12659.32           0.00           0.00   412.38  1305.30   379.18   0.9276   2.1242   0.3064   0.3442   0.2338   0.1181   0.0081  -0.1094  -0.1985  -0.3017   2.5951   2.0000   8.0422        31.36           37.123969            0.752694            5.996586
2175    0.7789    122.19    5.32    9.11   91.11    0.00    0.00        1165.36           0.00           0.00       12668.76           0.00           0.00   412.31  1305.29   379.31   0.9276   2.1232   0.3064   0.3446   0.2338   0.1177   0.0081  -0.1094  -0.1985  -0.3017   2.5943   2.0000   8.0423        31.99           36.427550            0.749568            5.864011
2176    0.7703    122.19    5.32    9.08   91.14    0.00    0.00        1166.42           0.00           0.00       12678.70           0.00           0.00   412.24  1305.28   379.44   0.9276   2.1223   0.3064   0.3450   0.2338   0.1172   0.0082  -0.1094  -0.1985  -0.3017   2.5934   2.0000   8.0423        32.63           35.745828            0.747156            5.732838
2177    0.7625    122.19    5.32    9.05   91.16    0.00    0.00        1167.40           0.00           0.00       12687.87           0.00           0.00   412.17  1305.27   379.57   0.9276   2.1214   0.3063   0.3454   0.2338   0.1168   0.0082  -0.1094  -0.1985  -0.3017   2.5926   2.0000   8.0424        33.28           35.074456            0.745311            5.602562
2178    0.7542    122.19    5.32    9.02   91.19    0.00    0.00        1168.44           0.00           0.00       12697.55           0.00           0.00   412.10  1305.27   379.70   0.9276   2.1204   0.3063   0.3458   0.2338   0.1163   0.0083  -0.1094  -0.1985  -0.3017   2.5918   2.0000   8.0425        33.95           34.417287            0.744233            5.473538
2179    0.7466    122.19    5.32    8.99   91.22    0.00    0.00        1169.40           0.00           0.00       12706.48           0.00           0.00   412.02  1305.26   379.83   0.9276   2.1195   0.3063   0.3461   0.2338   0.1159   0.0083  -0.1094  -0.1985  -0.3017   2.5910   2.0000   8.0425        34.63           33.770123            0.743785            5.345275
2180    0.7385    122.19    5.32    8.96   91.25    0.00    0.00        1170.42           0.00           0.00       12715.91           0.00           0.00   411.96  1305.26   379.96   0.9276   2.1186   0.3063   0.3465   0.2338   0.1155   0.0083  -0.1094  -0.1985  -0.3017   2.5903   2.0000   8.0426        35.32           33.136684            0.744168            5.218114
2181    0.7311    122.19    5.32    8.93   91.28    0.00    0.00        1171.35           0.00           0.00       12724.59           0.00           0.00   411.89  1305.25   380.08   0.9276   2.1177   0.3063   0.3469   0.2338   0.1151   0.0084  -0.1094  -0.1985  -0.3017   2.5895   2.0000   8.0427        36.03           32.512912            0.745256            5.091582
2182    0.7232    122.19    5.32    8.90   91.31    0.00    0.00        1172.34           0.00           0.00       12733.79           0.00           0.00   411.82  1305.25   380.21   0.9276   2.1168   0.3063   0.3472   0.2338   0.1146   0.0084  -0.1094  -0.1985  -0.3017   2.5887   2.0000   8.0427        36.75           31.902397            0.747246            4.966006
2183    0.7160    122.19    5.32    8.88   91.33    0.00    0.00        1173.26           0.00           0.00       12742.24           0.00           0.00   411.75  1305.24   380.33   0.9276   2.1159   0.3063   0.3476   0.2338   0.1142   0.0085  -0.1094  -0.1985  -0.3017   2.5880   2.0000   8.0428        37.48           31.301222            0.750026            4.840921
2184    0.7084    122.19    5.32    8.85   91.36    0.00    0.00        1174.23           0.00           0.00       12751.21           0.00           0.00   411.68  1305.24   380.45   0.9276   2.1151   0.3063   0.3480   0.2338   0.1138   0.0085  -0.1094  -0.1985  -0.3017   2.5872   2.0000   8.0428        38.23           30.712852            0.753740            4.716630
2185    0.7014    122.19    5.32    8.82   91.38    0.00    0.00        1175.12           0.00           0.00       12759.45           0.00           0.00   411.61  1305.24   380.58   0.9276   2.1142   0.3063   0.3483   0.2338   0.1134   0.0086  -0.1094  -0.1985  -0.3017   2.5864   2.0000   8.0429        39.00           30.133501            0.758139            4.592654
2186    0.6896    122.19    5.32    8.78   91.43    0.00    0.00        1176.61           0.00           0.00       12773.24           0.00           0.00   411.55  1305.23   380.70   0.9276   2.1133   0.3063   0.3487   0.2338   0.1130   0.0086  -0.1094  -0.1985  -0.3017   2.5857   2.0000   8.0430        39.78           29.580282            0.764277            4.470609
2187    0.6994    122.19    5.32    8.82   91.39    0.00    0.00        1175.37           0.00           0.00       12761.76           0.00           0.00   411.48  1305.23   380.81   0.9276   2.1125   0.3063   0.3490   0.2338   0.1126   0.0087  -0.1094  -0.1985  -0.3017   2.5850   2.0000   8.0430        40.57           28.969560            0.768538            4.341739
2188    0.6339    122.19    5.32    8.58   91.63    0.00    0.00        1183.79           0.00           0.00       12838.99           0.00           0.00   411.41  1305.23   380.93   0.9276   2.1115   0.3063   0.3493   0.2338   0.1122   0.0087  -0.1094  -0.1985  -0.3017   2.5842   2.0000   8.0431        41.38           28.605144            0.783020            4.236781
2189    0.4825    122.19    5.32    8.02   92.17    0.00    0.00        1203.92           0.00           0.00       13019.74           0.00           0.00   411.29  1305.22   381.05   0.9276   2.1100   0.3063   0.3497   0.2338   0.1119   0.0087  -0.1094  -0.1985  -0.3017   2.5828   1.9999   8.0432        42.21           28.521124            0.809637            4.157024
2190    0.3541    122.19    5.32    7.55   92.63    0.00    0.00        1221.74           0.00           0.00       13175.48           0.00           0.00   411.12  1305.22   381.17   0.9276   2.1078   0.3063   0.3500   0.2338   0.1115   0.0088  -0.1094  -0.1985  -0.3017   2.5807   1.9997   8.0433        43.06           28.375620            0.834592            4.065409
2191    0.2522    122.19    5.32    7.18   93.00    0.00    0.00        1236.39           0.00           0.00       13300.76           0.00           0.00   410.91  1305.22   381.28   0.9276   2.1051   0.3063   0.3503   0.2338   0.1111   0.0088  -0.1094  -0.1985  -0.3017   2.5781   1.9994   8.0435        43.92           28.152829            0.857051            3.959932
2192    0.1821    122.19    5.32    6.92   93.25    0.00    0.00        1246.73           0.00           0.00       13387.78           0.00           0.00   410.68  1305.22   381.39   0.9276   2.1021   0.3063   0.3507   0.2338   0.1107   0.0089  -0.1094  -0.1985  -0.3017   2.5752   1.9989   8.0437        44.80           27.831786            0.875933            3.838079
2193    0.1035    122.19    5.32    6.63   93.53    0.00    0.00        1258.60           0.00           0.00       13486.17           0.00           0.00   410.43  1305.22   381.51   0.9276   2.0988   0.3063   0.3510   0.2338   0.1104   0.0089  -0.1094  -0.1985  -0.3017   2.5720   1.9982   8.0439        45.69           27.384049            0.889826            3.696652
2194    0.1826    122.19    5.32    6.92   93.25    0.00    0.00        1246.66           0.00           0.00       13387.15           0.00           0.00   410.18  1305.22   381.62   0.9276   2.0956   0.3063   0.3513   0.2338   0.1100   0.0090  -0.1094  -0.1985  -0.3017   2.5690   1.9975   8.0442        46.61           26.770103            0.896857            3.531493
2195    0.5403    122.19    5.32    8.23   91.96    0.00    0.00        1196.13           0.00           0.00       12950.36           0.00           0.00   410.05  1305.21   381.73   0.9276   2.0939   0.3063   0.3516   0.2338   0.1096   0.0090  -0.1094  -0.1985  -0.3017   2.5673   1.9968   8.0443        47.54           25.933732            0.894496            3.337062
2196    1.1768    122.19    5.32   10.57   89.68    0.00    0.00        1118.56           0.00           0.00       12214.53           0.00           0.00   410.13  1305.21   381.84   0.9276   2.0950   0.3063   0.3520   0.2338   0.1093   0.0090  -0.1094  -0.1985  -0.3017   2.5685   1.9964   8.0442        48.49           24.792923            0.879182            3.105734
2197    1.5345    122.19    5.32   11.88   88.39    0.00    0.00        1080.68           0.00           0.00       11821.25           0.00           0.00   410.42  1305.21   381.95   0.9276   2.0987   0.3063   0.3523   0.2338   0.1089   0.0091  -0.1094  -0.1985  -0.3017   2.5724   1.9966   8.0440        49.46           23.224259            0.845484            2.826575
2198    1.6136    122.19    5.32   12.17   88.11    0.00    0.00        1072.79           0.00           0.00       11736.14           0.00           0.00   410.78  1305.21   382.06   0.9276   2.1034   0.3063   0.3526   0.2338   0.1086   0.0091  -0.1094  -0.1985  -0.3017   2.5772   1.9972   8.0436        50.45           21.034192            0.784230            2.482993
2199    1.4139    122.19    5.32   11.44   88.83    0.00    0.00        1093.04           0.00           0.00       11952.32           0.00           0.00   411.09  1305.21   382.16   0.9276   2.1074   0.3063   0.3529   0.2338   0.1082   0.0092  -0.1094  -0.1985  -0.3017   2.5813   1.9982   8.0434        51.46           17.901320            0.680981            2.047715
2200    0.9356    122.19    5.32    9.68   90.54    0.00    0.00        1146.29           0.00           0.00       12487.63           0.00           0.00   411.23  1305.21   382.27   0.9276   2.1092   0.3063   0.3532   0.2338   0.1079   0.0092  -0.1094  -0.1985  -0.3017   2.5833   1.9993   8.0432        52.48           13.237515            0.512757            1.469907
2201    0.1785    122.19    5.32    6.91   93.26    0.00    0.00        1247.26           0.00           0.00       13392.20           0.00           0.00   411.10  1305.21   382.37   0.9276   2.1076   0.3063   0.3535   0.2338   0.1076   0.0093  -0.1094  -0.1985  -0.3017   2.5818   2.0000   8.0433        53.53            6.830085            0.268769            0.741521
2202   -0.8572    122.19    5.32    3.11   96.98    0.00    0.00        1431.33           0.00           0.00       14773.94           0.00           0.00   410.60  1305.21   382.48   0.9276   2.1011   0.3063   0.3538   0.2338   0.1072   0.0093  -0.1094  -0.1985  -0.3017   2.5754   2.0000   8.0438        54.61            1.616861            0.064367            0.173043
2203   -1.6143    122.19    5.32    0.33   99.69    0.00    0.00        1613.84           0.00           0.00       15923.52           0.00           0.00   409.75  1305.21   382.58   0.9276   2.0900   0.3063   0.3541   0.2338   0.1069   0.0094  -0.1094  -0.1985  -0.3017   2.5644   1.9990   8.0445        55.70            0.000000            0.000000            0.000000
2204   -2.4118    122.19    5.32   -2.59  102.55    0.00    0.00        1868.97           0.00           0.00       17307.29           0.00           0.00   408.62  1305.21   382.68   0.9276   2.0752   0.3063   0.3544   0.2338   0.1066   0.0094  -0.1094  -0.1985  -0.3017   2.5497   1.9967   8.0456        56.81            0.000000            0.000000            0.000000
2205   -3.4880    122.19    5.32   -6.54  106.42    0.00    0.00        2361.74           0.00           0.00       19565.55           0.00           0.00   407.15  1305.20   382.78   0.9276   2.0560   0.3063   0.3547   0.2338   0.1063   0.0094  -0.1094  -0.1985  -0.3017   2.5307   1.9931   8.0469        57.95            0.000000            0.000000            0.000000
2206   -4.2855    122.19    5.32   -9.46  109.28    0.00    0.00        2886.93           0.00           0.00       21647.45           0.00           0.00   405.37  1305.20   382.88   0.9276   2.0326   0.3063   0.3550   0.2338   0.1060   0.0095  -0.1094  -0.1985  -0.3017   2.5073   1.9880   8.0485        59.11            0.000000            0.000000            0.000000
2207   -4.8043    122.19    5.32  -11.36  111.14    0.00    0.00        3330.23           0.00           0.00       23256.21           0.00           0.00   403.40  1305.20   382.98   0.9276   2.0066   0.3063   0.3553   0.2338   0.1056   0.0095  -0.1094  -0.1985  -0.3017   2.4815   1.9813   8.0502        60.29            0.000000            0.000000            0.000000
2208   -5.0444    122.19    5.32  -12.24  112.00    0.00    0.00        3568.99           0.00           0.00       24084.02           0.00           0.00   401.37  1305.20   383.08   0.9276   1.9797   0.3063   0.3556   0.2338   0.1053   0.0096  -0.1094  -0.1985  -0.3017   2.4547   1.9734   8.0521        61.49            0.000000            0.000000            0.000000
2209   -5.0058    122.19    5.32  -12.10  111.86    0.00    0.00        3529.03           0.00           0.00       23947.06           0.00           0.00   399.40  1305.20   383.18   0.9276   1.9533   0.3063   0.3558   0.2338   0.1050   0.0096  -0.1094  -0.1985  -0.3017   2.4284   1.9645   8.0538        62.72            0.000000            0.000000            0.000000
2210   -4.6885    122.19    5.32  -10.94  110.72    0.00    0.00        3223.13           0.00           0.00       22876.89           0.00           0.00   397.58  1305.20   383.28   0.9276   1.9291   0.3063   0.3561   0.2338   0.1047   0.0097  -0.1094  -0.1985  -0.3017   2.4043   1.9550   8.0555        63.98            0.000000            0.000000            0.000000
2211   -4.0925    122.19    5.32   -8.75  108.58    0.00    0.00        2744.20           0.00           0.00       21104.33           0.00           0.00   396.04  1305.20   383.37   0.9276   1.9083   0.3063   0.3564   0.2338   0.1044   0.0097  -0.1094  -0.1985  -0.3017   2.3836   1.9453   8.0569        65.26            0.000000            0.000000            0.000000
2212   -3.7752    122.19    5.32   -7.59  107.45    0.00    0.00        2532.10           0.00           0.00       20267.97           0.00           0.00   394.74  1305.20   383.47   0.9276   1.8908   0.3063   0.3567   0.2338   0.1041   0.0097  -0.1094  -0.1985  -0.3017   2.3662   1.9357   8.0581        66.56            0.000000            0.000000            0.000000
2213   -3.1792    122.19    5.32   -5.40  105.31    0.00    0.00        2198.83           0.00           0.00       18862.04           0.00           0.00   393.67  1305.20   383.56   0.9276   1.8762   0.3063   0.3569   0.2338   0.1038   0.0098  -0.1094  -0.1985  -0.3017   2.3518   1.9266   8.0591        67.89            0.000000            0.000000            0.000000
2214   -2.8619    122.19    5.32   -4.24  104.17    0.00    0.00        2050.59           0.00           0.00       18188.37           0.00           0.00   392.80  1305.20   383.65   0.9276   1.8645   0.3063   0.3572   0.2338   0.1036   0.0098  -0.1094  -0.1985  -0.3017   2.3402   1.9180   8.0599        69.25            0.000000            0.000000            0.000000
2215   -2.5641    122.19    5.32   -3.15  103.10    0.00    0.00        1926.96           0.00           0.00       17596.33           0.00           0.00   392.08  1305.20   383.74   0.9276   1.8546   0.3063   0.3575   0.2338   0.1033   0.0099  -0.1094  -0.1985  -0.3017   2.3304   1.9099   8.0605        70.64            0.000000            0.000000            0.000000
2216   -2.5449    122.19    5.32   -3.08  103.03    0.00    0.00        1919.48           0.00           0.00       17559.46           0.00           0.00   391.41  1305.20   383.84   0.9276   1.8456   0.3063   0.3577   0.2338   0.1030   0.0099  -0.1094  -0.1985  -0.3017   2.3214   1.9024   8.0612        72.05            0.000000            0.000000            0.000000
2217   -2.8044    122.19    5.32   -4.03  103.96    0.00    0.00        2025.61           0.00           0.00       18071.18           0.00           0.00   390.69  1305.20   383.93   0.9276   1.8357   0.3063   0.3580   0.2338   0.1027   0.0100  -0.1094  -0.1985  -0.3017   2.3117   1.8951   8.0618        73.49            0.000000            0.000000            0.000000
2218   -3.3427    122.19    5.32   -6.00  105.89    0.00    0.00        2282.62           0.00           0.00       19228.19           0.00           0.00   389.80  1305.20   384.02   0.9276   1.8235   0.3063   0.3583   0.2338   0.1024   0.0100  -0.1094  -0.1985  -0.3017   2.2997   1.8879   8.0627        74.96            0.000000            0.000000            0.000000
2219   -3.6022    122.19    5.32   -6.96  106.83    0.00    0.00        2427.18           0.00           0.00       19839.04           0.00           0.00   388.76  1305.20   384.10   0.9276   1.8092   0.3063   0.3585   0.2338   0.1022   0.0101  -0.1094  -0.1985  -0.3017   2.2854   1.8804   8.0636        76.46            0.000000            0.000000            0.000000
2220   -3.5830    122.19    5.32   -6.88  106.76    0.00    0.00        2416.00           0.00           0.00       19792.63           0.00           0.00   387.69  1305.20   384.19   0.9276   1.7945   0.3063   0.3588   0.2338   0.1019   0.0101  -0.1094  -0.1985  -0.3017   2.2709   1.8726   8.0646        77.99            0.000000            0.000000            0.000000
2221   -3.8426    122.19    5.32   -7.84  107.69    0.00    0.00        2574.91           0.00           0.00       20439.93           0.00           0.00   386.60  1305.20   384.28   0.9276   1.7795   0.3063   0.3590   0.2338   0.1016   0.0101  -0.1094  -0.1985  -0.3017   2.2560   1.8647   8.0656        79.55            0.000000            0.000000            0.000000
2222   -3.8234    122.19    5.32   -7.77  107.62    0.00    0.00        2562.61           0.00           0.00       20390.69           0.00           0.00   385.49  1305.20   384.37   0.9276   1.7641   0.3063   0.3593   0.2338   0.1014   0.0102  -0.1094  -0.1985  -0.3017   2.2407   1.8565   8.0667        81.14            0.000000            0.000000            0.000000
2223   -4.0829    122.19    5.32   -8.72  108.55    0.00    0.00        2737.40           0.00           0.00       21078.06           0.00           0.00   384.35  1305.20   384.45   0.9276   1.7484   0.3063   0.3595   0.2338   0.1011   0.0102  -0.1094  -0.1985  -0.3017   2.2251   1.8481   8.0677        82.76            0.000000            0.000000            0.000000
2224   -4.0638    122.19    5.32   -8.65  108.48    0.00    0.00        2723.86           0.00           0.00       21025.72           0.00           0.00   383.20  1305.20   384.54   0.9276   1.7324   0.3063   0.3598   0.2338   0.1008   0.0103  -0.1094  -0.1985  -0.3017   2.2092   1.8395   8.0688        84.42            0.000000            0.000000            0.000000
2225   -4.3233    122.19    5.32   -9.60  109.41    0.00    0.00        2916.22           0.00           0.00       21757.19           0.00           0.00   382.03  1305.20   384.62   0.9276   1.7161   0.3063   0.3600   0.2338   0.1006   0.0103  -0.1094  -0.1985  -0.3017   2.1930   1.8307   8.0699        86.11            0.000000            0.000000            0.000000
2226   -4.3041    122.19    5.32   -9.53  109.34    0.00    0.00        2901.32           0.00           0.00       21701.43           0.00           0.00   380.84  1305.20   384.70   0.9276   1.6994   0.3063   0.3602   0.2338   0.1003   0.0104  -0.1094  -0.1985  -0.3017   2.1764   1.8217   8.0711        87.83            0.000000            0.000000            0.000000
2227   -4.0063    122.19    5.32   -8.44  108.28    0.00    0.00        2683.87           0.00           0.00       20870.25           0.00           0.00   379.75  1305.20   384.79   0.9276   1.6841   0.3063   0.3605   0.2338   0.1001   0.0104  -0.1094  -0.1985  -0.3017   2.1612   1.8127   8.0721        89.59            0.000000            0.000000            0.000000
2228   -3.9871    122.19    5.32   -8.37  108.21    0.00    0.00        2670.75           0.00           0.00       20818.93           0.00           0.00   378.75  1305.20   384.87   0.9276   1.6700   0.3063   0.3607   0.2338   0.0998   0.0104  -0.1094  -0.1985  -0.3017   2.1472   1.8037   8.0730        91.38            0.000000            0.000000            0.000000
2229   -4.2466    122.19    5.32   -9.32  109.14    0.00    0.00        2857.30           0.00           0.00       21535.87           0.00           0.00   377.72  1305.20   384.95   0.9276   1.6554   0.3063   0.3609   0.2338   0.0996   0.0105  -0.1094  -0.1985  -0.3017   2.1328   1.7948   8.0740        93.21            0.000000            0.000000            0.000000
2230   -4.7849    122.19    5.32  -11.29  111.07    0.00    0.00        3311.91           0.00           0.00       23191.70           0.00           0.00   376.53  1305.20   385.03   0.9276   1.6387   0.3063   0.3612   0.2338   0.0994   0.0105  -0.1094  -0.1985  -0.3017   2.1161   1.7856   8.0752        95.07            0.000000            0.000000            0.000000
2231   -5.0444    122.19    5.32  -12.24  112.00    0.00    0.00        3568.99           0.00           0.00       24084.02           0.00           0.00   375.21  1305.20   385.11   0.9276   1.6199   0.3063   0.3614   0.2338   0.0991   0.0106  -0.1094  -0.1985  -0.3017   2.0974   1.7760   8.0764        96.97            0.000000            0.000000            0.000000
2232   -5.0252    122.19    5.32  -12.17  111.93    0.00    0.00        3549.06           0.00           0.00       24015.80           0.00           0.00   373.87  1305.20   385.19   0.9276   1.6008   0.3063   0.3616   0.2338   0.0989   0.0106  -0.1094  -0.1985  -0.3017   2.0785   1.7661   8.0777        98.91            0.000000            0.000000            0.000000
2233   -4.7274    122.19    5.32  -11.08  110.86    0.00    0.00        3258.51           0.00           0.00       23002.80           0.00           0.00   372.64  1305.20   385.27   0.9276   1.5833   0.3063   0.3619   0.2338   0.0987   0.0107  -0.1094  -0.1985  -0.3017   2.0610   1.7560   8.0789       100.89            0.000000            0.000000            0.000000
2234   -4.7082    122.19    5.32  -11.01  110.79    0.00    0.00        3240.98           0.00           0.00       22940.51           0.00           0.00   371.51  1305.20   385.34   0.9276   1.5670   0.3063   0.3621   0.2338   0.0984   0.0107  -0.1094  -0.1985  -0.3017   2.0449   1.7459   8.0800       102.91            0.000000            0.000000            0.000000
2235   -4.9677    122.19    5.32  -11.96  111.72    0.00    0.00        3490.21           0.00           0.00       23813.42           0.00           0.00   370.35  1305.20   385.42   0.9276   1.5503   0.3063   0.3623   0.2338   0.0982   0.0107  -0.1094  -0.1985  -0.3017   2.0283   1.7358   8.0811       104.96            0.000000            0.000000            0.000000
2236   -4.9486    122.19    5.32  -11.89  111.66    0.00    0.00        3470.90           0.00           0.00       23746.71           0.00           0.00   369.16  1305.20   385.50   0.9276   1.5332   0.3063   0.3625   0.2338   0.0980   0.0108  -0.1094  -0.1985  -0.3017   2.0113   1.7257   8.0823       107.06            0.000000            0.000000            0.000000
2237   -4.6507    122.19    5.32  -10.80  110.59    0.00    0.00        3189.21           0.00           0.00       22755.64           0.00           0.00   368.07  1305.20   385.57   0.9276   1.5174   0.3063   0.3627   0.2338   0.0978   0.0108  -0.1094  -0.1985  -0.3017   1.9955   1.7155   8.0833       109.20            0.000000            0.000000            0.000000
2238   -4.6315    122.19    5.32  -10.73  110.52    0.00    0.00        3172.22           0.00           0.00       22694.67           0.00           0.00   367.06  1305.20   385.65   0.9276   1.5027   0.3063   0.3629   0.2338   0.0975   0.0109  -0.1094  -0.1985  -0.3017   1.9810   1.7055   8.0843       111.39            0.000000            0.000000            0.000000
2239   -4.8911    122.19    5.32  -11.68  111.45    0.00    0.00        3413.85           0.00           0.00       23548.77           0.00           0.00   366.02  1305.20   385.72   0.9276   1.4875   0.3063   0.3632   0.2338   0.0973   0.0109  -0.1094  -0.1985  -0.3017   1.9659   1.6955   8.0853       113.62            0.000000            0.000000            0.000000
2240   -4.8719    122.19    5.32  -11.61  111.38    0.00    0.00        3395.12           0.00           0.00       23483.52           0.00           0.00   364.94  1305.20   385.79   0.9276   1.4717   0.3063   0.3634   0.2338   0.0971   0.0110  -0.1094  -0.1985  -0.3017   1.9502   1.6856   8.0864       115.89            0.000000            0.000000            0.000000
2241   -4.6941    122.19    5.32  -10.96  110.74    0.00    0.00        3228.14           0.00           0.00       22894.76           0.00           0.00   363.92  1305.20   385.86   0.9276   1.4568   0.3063   0.3636   0.2338   0.0969   0.0110  -0.1094  -0.1985  -0.3017   1.9354   1.6756   8.0874       118.21            0.000000            0.000000            0.000000
2242   -4.7949    122.19    5.32  -11.33  111.10    0.00    0.00        3321.37           0.00           0.00       23225.02           0.00           0.00   362.93  1305.20   385.94   0.9276   1.4423   0.3063   0.3638   0.2338   0.0967   0.0110  -0.1094  -0.1985  -0.3017   1.9210   1.6657   8.0884       120.57            0.000000            0.000000            0.000000
2243   -4.6171    122.19    5.32  -10.68  110.47    0.00    0.00        3159.49           0.00           0.00       22648.92           0.00           0.00   361.97  1305.20   386.01   0.9276   1.4282   0.3063   0.3640   0.2338   0.0965   0.0111  -0.1094  -0.1985  -0.3017   1.9070   1.6560   8.0893       122.98            0.000000            0.000000            0.000000
2244   -4.7179    122.19    5.32  -11.05  110.83    0.00    0.00        3249.87           0.00           0.00       22972.11           0.00           0.00   361.04  1305.20   386.08   0.9276   1.4145   0.3063   0.3642   0.2338   0.0963   0.0111  -0.1094  -0.1985  -0.3017   1.8934   1.6463   8.0903       125.44            0.000000            0.000000            0.000000
2245   -4.5401    122.19    5.32  -10.39  110.19    0.00    0.00        3092.94           0.00           0.00       22408.28           0.00           0.00   360.14  1305.20   386.15   0.9276   1.4011   0.3063   0.3644   0.2338   0.0961   0.0112  -0.1094  -0.1985  -0.3017   1.8801   1.6368   8.0911       127.95            0.000000            0.000000            0.000000
2246   -4.6410    122.19    5.32  -10.76  110.55    0.00    0.00        3180.56           0.00           0.00       22724.62           0.00           0.00   359.26  1305.20   386.22   0.9276   1.3881   0.3063   0.3646   0.2338   0.0959   0.0112  -0.1094  -0.1985  -0.3017   1.8672   1.6274   8.0920       130.51            0.000000            0.000000            0.000000
2247   -4.4631    122.19    5.32  -10.11  109.91    0.00    0.00        3028.42           0.00           0.00       22172.68           0.00           0.00   358.41  1305.20   386.29   0.9276   1.3754   0.3063   0.3648   0.2338   0.0957   0.0113  -0.1094  -0.1985  -0.3017   1.8546   1.6181   8.0929       133.12            0.000000            0.000000            0.000000
2248   -4.5640    122.19    5.32  -10.48  110.28    0.00    0.00        3113.37           0.00           0.00       22482.39           0.00           0.00   357.58  1305.20   386.35   0.9276   1.3630   0.3063   0.3650   0.2338   0.0955   0.0113  -0.1094  -0.1985  -0.3017   1.8424   1.6089   8.0937       135.78            0.000000            0.000000            0.000000
2249   -4.9435    122.19    5.32  -11.87  111.64    0.00    0.00        3465.86           0.00           0.00       23729.29           0.00           0.00   356.66  1305.20   386.42   0.9276   1.3492   0.3063   0.3652   0.2338   0.0953   0.0113  -0.1094  -0.1985  -0.3017   1.8287   1.5997   8.0946       138.50            0.000000            0.000000            0.000000
2250   -5.0444    122.19    5.32  -12.24  112.00    0.00    0.00        3568.99           0.00           0.00       24084.02           0.00           0.00   355.64  1305.20   386.49   0.9276   1.3340   0.3063   0.3654   0.2338   0.0951   0.0114  -0.1094  -0.1985  -0.3017   1.8136   1.5903   8.0956       141.27            0.000000            0.000000            0.000000
2251   -4.8666    122.19    5.32  -11.59  111.36    0.00    0.00        3389.94           0.00           0.00       23465.43           0.00           0.00   354.67  1305.20   386.55   0.9276   1.3194   0.3063   0.3656   0.2338   0.0949   0.0114  -0.1094  -0.1985  -0.3017   1.7990   1.5809   8.0966       144.09            0.000000            0.000000            0.000000
2252   -4.9674    122.19    5.32  -11.96  111.72    0.00    0.00        3489.90           0.00           0.00       23812.35           0.00           0.00   353.73  1305.20   386.62   0.9276   1.3052   0.3063   0.3658   0.2338   0.0947   0.0115  -0.1094  -0.1985  -0.3017   1.7849   1.5714   8.0976       146.97            0.000000            0.000000            0.000000
2253   -4.7896    122.19    5.32  -11.31  111.09    0.00    0.00        3316.34           0.00           0.00       23207.32           0.00           0.00   352.82  1305.20   386.68   0.9276   1.2914   0.3063   0.3659   0.2338   0.0945   0.0115  -0.1094  -0.1985  -0.3017   1.7713   1.5619   8.0985       149.91            0.000000            0.000000            0.000000
2254   -4.6821    122.19    5.32  -10.91  110.70    0.00    0.00        3217.32           0.00           0.00       22856.18           0.00           0.00   351.98  1305.20   386.75   0.9276   1.2788   0.3063   0.3661   0.2338   0.0943   0.0116  -0.1094  -0.1985  -0.3017   1.7587   1.5526   8.0994       152.91            0.000000            0.000000            0.000000
2255   -4.2959    122.19    5.32   -9.50  109.31    0.00    0.00        2894.94           0.00           0.00       21677.52           0.00           0.00   351.26  1305.20   386.81   0.9276   1.2678   0.3063   0.3663   0.2338   0.0942   0.0116  -0.1094  -0.1985  -0.3017   1.7478   1.5435   8.1001       155.97            0.000000            0.000000            0.000000
2256   -4.1884    122.19    5.32   -9.10  108.93    0.00    0.00        2813.74           0.00           0.00       21370.72           0.00           0.00   350.63  1305.20   386.88   0.9276   1.2583   0.3063   0.3665   0.2338   0.0940   0.0117  -0.1094  -0.1985  -0.3017   1.7384   1.5348   8.1007       159.09            0.000000            0.000000            0.000000
2257   -4.3596    122.19    5.32   -9.73  109.54    0.00    0.00        2944.74           0.00           0.00       21863.52           0.00           0.00   349.99  1305.20   386.94   0.9276   1.2485   0.3063   0.3667   0.2338   0.0938   0.0117  -0.1094  -0.1985  -0.3017   1.7288   1.5264   8.1014       162.27            0.000000            0.000000            0.000000
2258   -4.8095    122.19    5.32  -11.38  111.16    0.00    0.00        3335.16           0.00           0.00       23273.54           0.00           0.00   349.21  1305.20   387.00   0.9276   1.2366   0.3063   0.3668   0.2338   0.0936   0.0117  -0.1094  -0.1985  -0.3017   1.7170   1.5179   8.1022       165.52            0.000000            0.000000            0.000000
2259   -4.9807    122.19    5.32  -12.01  111.77    0.00    0.00        3503.36           0.00           0.00       23858.76           0.00           0.00   348.31  1305.20   387.06   0.9276   1.2228   0.3063   0.3670   0.2338   0.0935   0.0118  -0.1094  -0.1985  -0.3017   1.7033   1.5093   8.1031       168.83            0.000000            0.000000            0.000000
2260   -4.8732    122.19    5.32  -11.62  111.39    0.00    0.00        3396.39           0.00           0.00       23487.95           0.00           0.00   347.41  1305.20   387.12   0.9276   1.2091   0.3063   0.3672   0.2338   0.0933   0.0118  -0.1094  -0.1985  -0.3017   1.6896   1.5005   8.1040       172.20            0.000000            0.000000            0.000000
2261   -5.0444    122.19    5.32  -12.24  112.00    0.00    0.00        3568.99           0.00           0.00       24084.02           0.00           0.00   346.52  1305.20   387.18   0.9276   1.1953   0.3063   0.3674   0.2338   0.0931   0.0119  -0.1094  -0.1985  -0.3017   1.6759   1.4915   8.1049       175.65            0.000000            0.000000            0.000000
2262   -5.0444    122.19    5.32  -12.24  112.00    0.00    0.00        3568.99           0.00           0.00       24084.02           0.00           0.00   345.61  1305.20   387.24   0.9276   1.1812   0.3063   0.3675   0.2338   0.0930   0.0119  -0.1094  -0.1985  -0.3017   1.6619   1.4825   8.1059       179.16            0.000000            0.000000            0.000000
2263   -5.0444    122.19    5.32  -12.24  112.00    0.00    0.00        3568.99           0.00           0.00       24084.02           0.00           0.00   344.71  1305.20   387.30   0.9276   1.1673   0.3063   0.3677   0.2338   0.0928   0.0120  -0.1094  -0.1985  -0.3017   1.6482   1.4734   8.1068       182.74            0.000000            0.000000            0.000000
2264   -5.0444    122.19    5.32  -12.24  112.00    0.00    0.00        3568.99           0.00           0.00       24084.02           0.00           0.00   343.83  1305.20   387.36   0.9276   1.1537   0.3063   0.3679   0.2338   0.0926   0.0120  -0.1094  -0.1985  -0.3017   1.6346   1.4642   8.1077       186.40            0.000000            0.000000            0.000000
2265   -5.0444    122.19    5.32  -12.24  112.00    0.00    0.00        3568.99           0.00           0.00       24084.02           0.00           0.00   342.96  1305.20   387.42   0.9276   1.1402   0.3063   0.3680   0.2338   0.0925   0.0120  -0.1094  -0.1985  -0.3017   1.6212   1.4550   8.1086       190.13            0.000000            0.000000            0.000000
2266   -5.0444    122.19    5.32  -12.24  112.00    0.00    0.00        3568.99           0.00           0.00       24084.02           0.00           0.00   342.11  1305.20   387.48   0.9276   1.1269   0.3063   0.3682   0.2338   0.0923   0.0121  -0.1094  -0.1985  -0.3017   1.6080   1.4458   8.1095       193.93            0.000000            0.000000            0.000000
2267   -5.0444    122.19    5.32  -12.24  112.00    0.00    0.00        3568.99           0.00           0.00       24084.02           0.00           0.00   341.27  1305.20   387.53   0.9276   1.1137   0.3063   0.3684   0.2338   0.0922   0.0121  -0.1094  -0.1985  -0.3017   1.5950   1.4367   8.1104       197.81            0.000000            0.000000            0.000000
2268   -5.0444    122.19    5.32  -12.24  112.00    0.00    0.00        3568.99           0.00           0.00       24084.02           0.00           0.00   340.43  1305.20   387.59   0.9276   1.1007   0.3063   0.3685   0.2338   0.0920   0.0122  -0.1094  -0.1985  -0.3017   1.5820   1.4275   8.1113       201.77            0.000000            0.000000            0.000000
2269   -5.0444    122.19    5.32  -12.24  112.00    0.00    0.00        3568.99           0.00           0.00       24084.02           0.00           0.00   339.61  1305.20   387.65   0.9276   1.0878   0.3063   0.3687   0.2338   0.0918   0.0122  -0.1094  -0.1985  -0.3017   1.5692   1.4184   8.1121       205.80            0.000000            0.000000            0.000000
2270   -5.0444    122.19    5.32  -12.24  112.00    0.00    0.00        3568.99           0.00           0.00       24084.02           0.00           0.00   338.80  1305.20   387.70   0.9276   1.0750   0.3063   0.3689   0.2338   0.0917   0.0123  -0.1094  -0.1985  -0.3017   1.5565   1.4093   8.1130       209.92            0.000000            0.000000            0.000000
2271   -5.0444    122.19    5.32  -12.24  112.00    0.00    0.00        3568.99           0.00           0.00       24084.02           0.00           0.00   337.99  1305.20   387.76   0.9276   1.0623   0.3063   0.3690   0.2338   0.0915   0.0123  -0.1094  -0.1985  -0.3017   1.5439   1.4002   8.1138       214.11            0.000000            0.000000            0.000000
2272   -5.0444    122.19    5.32  -12.24  112.00    0.00    0.00        3568.99           0.00           0.00       24084.02           0.00           0.00   337.20  1305.20   387.81   0.9276   1.0497   0.3063   0.3692   0.2338   0.0914   0.0123  -0.1094  -0.1985  -0.3017   1.5314   1.3912   8.1147       218.40            0.000000            0.000000            0.000000
2273   -5.0444    122.19    5.32  -12.24  112.00    0.00    0.00        3568.99           0.00           0.00       24084.02           0.00           0.00   336.41  1305.20   387.87   0.9276   1.0372   0.3063   0.3693   0.2338   0.0912   0.0124  -0.1094  -0.1985  -0.3017   1.5191   1.3822   8.1155       222.76            0.000000            0.000000            0.000000
2274   -5.0444    122.19    5.32  -12.24  112.00    0.00    0.00        3568.99           0.00           0.00       24084.02           0.00           0.00   335.63  1305.20   387.92   0.9276   1.0249   0.3063   0.3695   0.2338   0.0911   0.0124  -0.1094  -0.1985  -0.3017   1.5068   1.3733   8.1163       227.22            0.000000            0.000000            0.000000
2275   -5.0444    122.19    5.32  -12.24  112.00    0.00    0.00        3568.99           0.00           0.00       24084.02           0.00           0.00   334.86  1305.20   387.97   0.9276   1.0126   0.3063   0.3696   0.2338   0.0910   0.0125  -0.1094  -0.1985  -0.3017   1.4946   1.3643   8.1171       231.76            0.000000            0.000000            0.000000
2276   -5.0444    122.19    5.32  -12.24  112.00    0.00    0.00        3568.99           0.00           0.00       24084.02           0.00           0.00   334.09  1305.20   388.02   0.9276   1.0004   0.3063   0.3698   0.2338   0.0908   0.0125  -0.1094  -0.1985  -0.3017   1.4825   1.3554   8.1179       236.40            0.000000            0.000000            0.000000
2277   -5.0444    122.19    5.32  -12.24  112.00    0.00    0.00        3568.99           0.00           0.00       24084.02           0.00           0.00   333.34  1305.20   388.08   0.9276   0.9883   0.3063   0.3699   0.2338   0.0907   0.0126  -0.1094  -0.1985  -0.3017   1.4704   1.3466   8.1188       241.13            0.000000            0.000000            0.000000
2278   -5.0444    122.19    5.32  -12.24  112.00    0.00    0.00        3568.99           0.00           0.00       24084.02           0.00           0.00   332.59  1305.20   388.13   0.9276   0.9762   0.3063   0.3701   0.2338   0.0905   0.0126  -0.1094  -0.1985  -0.3017   1.4585   1.3378   8.1196       245.95            0.000000            0.000000            0.000000
2279   -5.0444    122.19    5.32  -12.24  112.00    0.00    0.00        3568.99           0.00           0.00       24084.02           0.00           0.00   331.84  1305.20   388.18   0.9276   0.9643   0.3063   0.3702   0.2338   0.0904   0.0126  -0.1094  -0.1985  -0.3017   1.4467   1.3290   8.1203       250.87            0.000000            0.000000            0.000000
2280   -5.0444    122.19    5.32  -12.24  112.00    0.00    0.00        3568.99           0.00           0.00       24084.02           0.00           0.00   331.11  1305.20   388.23   0.9276   0.9524   0.3063   0.3704   0.2338   0.0903   0.0127  -0.1094  -0.1985  -0.3017   1.4349   1.3203   8.1211       255.89            0.000000            0.000000            0.000000
2281   -5.0444    122.19    5.32  -12.24  112.00    0.00    0.00        3568.99           0.00           0.00       24084.02           0.00           0.00   330.38  1305.20   388.28   0.9276   0.9406   0.3063   0.3705   0.2338   0.0901   0.0127  -0.1094  -0.1985  -0.3017   1.4232   1.3116   8.1219       261.00            0.000000            0.000000            0.000000
2282   -5.0444    122.19    5.32  -12.24  112.00    0.00    0.00        3568.99           0.00           0.00       24084.02           0.00           0.00   329.65  1305.20   388.33   0.9276   0.9289   0.3063   0.3707   0.2338   0.0900   0.0128  -0.1094  -0.1985  -0.3017   1.4116   1.3029   8.1227       266.22            0.000000            0.000000            0.000000
2283   -5.0444    122.19    5.32  -12.24  112.00    0.00    0.00        3568.99           0.00           0.00       24084.02           0.00           0.00   328.93  1305.20   388.38   0.9276   0.9173   0.3063   0.3708   0.2338   0.0899   0.0128  -0.1094  -0.1985  -0.3017   1.4000   1.2943   8.1235       271.55            0.000000            0.000000            0.000000
2284   -5.0444    122.19    5.32  -12.24  112.00    0.00    0.00        3568.99           0.00           0.00       24084.02           0.00           0.00   328.22  1305.20   388.43   0.9276   0.9057   0.3063   0.3709   0.2338   0.0897   0.0128  -0.1094  -0.1985  -0.3017   1.3885   1.2857   8.1242       276.98            0.000000            0.000000            0.000000
2285   -5.0444    122.19    5.32  -12.24  112.00    0.00    0.00        3568.99           0.00           0.00       24084.02           0.00           0.00   327.51  1305.20   388.48   0.9276   0.8942   0.3063   0.3711   0.2338   0.0896   0.0129  -0.1094  -0.1985  -0.3017   1.3771   1.2772   8.1250       282.52            0.000000            0.000000            0.000000
2286   -5.0444    122.19    5.32  -12.24  112.00    0.00    0.00        3568.99           0.00           0.00       24084.02           0.00           0.00   326.81  1305.20   388.52   0.9276   0.8827   0.3063   0.3712   0.2338   0.0895   0.0129  -0.1094  -0.1985  -0.3017   1.3658   1.2687   8.1258       288.17            0.000000            0.000000            0.000000
2287   -5.0444    122.19    5.32  -12.24  112.00    0.00    0.00        3568.99           0.00           0.00       24084.02           0.00           0.00   326.12  1305.20   388.57   0.9276   0.8714   0.3063   0.3714   0.2338   0.0894   0.0130  -0.1094  -0.1985  -0.3017   1.3545   1.2602   8.1265       293.93            0.000000            0.000000            0.000000
2288   -5.0444    122.19    5.32  -12.24  112.00    0.00    0.00        3568.99           0.00           0.00       24084.02           0.00           0.00   325.43  1305.20   388.62   0.9276   0.8600   0.3063   0.3715   0.2338   0.0892   0.0130  -0.1094  -0.1985  -0.3017   1.3432   1.2517   8.1273       299.81            0.000000            0.000000            0.000000
2289   -5.0444    122.19    5.32  -12.24  112.00    0.00    0.00        3568.99           0.00           0.00       24084.02           0.00           0.00   324.74  1305.20   388.66   0.9276   0.8488   0.3063   0.3716   0.2338   0.0891   0.0131  -0.1094  -0.1985  -0.3017   1.3321   1.2433   8.1280       305.81            0.000000            0.000000            0.000000
2290   -5.0444    122.19    5.32  -12.24  112.00    0.00    0.00        3568.99           0.00           0.00       24084.02           0.00           0.00   324.06  1305.20   388.71   0.9276   0.8376   0.3063   0.3718   0.2338   0.0890   0.0131  -0.1094  -0.1985  -0.3017   1.3210   1.2349   8.1288       311.92            0.000000            0.000000            0.000000
2291   -5.0444    122.19    5.32  -12.24  112.00    0.00    0.00        3568.99           0.00           0.00       24084.02           0.00           0.00   323.38  1305.20   388.76   0.9276   0.8264   0.3063   0.3719   0.2338   0.0889   0.0131  -0.1094  -0.1985  -0.3017   1.3099   1.2266   8.1295       318.16            0.000000            0.000000            0.000000
2292   -5.0444    122.19    5.32  -12.24  112.00    0.00    0.00        3568.99           0.00           0.00       24084.02           0.00           0.00   322.71  1305.20   388.80   0.9276   0.8154   0.3063   0.3720   0.2338   0.0888   0.0132  -0.1094  -0.1985  -0.3017   1.2989   1.2183   8.1302       324.53            0.000000            0.000000            0.000000
2293   -5.0444    122.19    5.32  -12.24  112.00    0.00    0.00        3568.99           0.00           0.00       24084.02           0.00           0.00   322.05  1305.20   388.85   0.9276   0.8043   0.3063   0.3721   0.2338   0.0886   0.0132  -0.1094  -0.1985  -0.3017   1.2880   1.2100   8.1310       331.02            0.000000            0.000000            0.000000
2294   -5.0444    122.19    5.32  -12.24  112.00    0.00    0.00        3568.99           0.00           0.00       24084.02           0.00           0.00   321.39  1305.20   388.89   0.9276   0.7934   0.3063   0.3723   0.2338   0.0885   0.0133  -0.1094  -0.1985  -0.3017   1.2771   1.2018   8.1317       337.64            0.000000            0.000000            0.000000
2295   -5.0444    122.19    5.32  -12.24  112.00    0.00    0.00        3568.99           0.00           0.00       24084.02           0.00           0.00   320.73  1305.20   388.94   0.9276   0.7825   0.3063   0.3724   0.2338   0.0884   0.0133  -0.1094  -0.1985  -0.3017   1.2663   1.1935   8.1324       344.39            0.000000            0.000000            0.000000
2296   -5.0444    122.19    5.32  -12.24  112.00    0.00    0.00        3568.99           0.00           0.00       24084.02           0.00           0.00   320.08  1305.20   388.98   0.9276   0.7716   0.3063   0.3725   0.2338   0.0883   0.0134  -0.1094  -0.1985  -0.3017   1.2555   1.1854   8.1331       351.28            0.000000            0.000000            0.000000
2297   -5.0444    122.19    5.32  -12.24  112.00    0.00    0.00        3568.99           0.00           0.00       24084.02           0.00           0.00   319.43  1305.20   389.02   0.9276   0.7608   0.3063   0.3726   0.2338   0.0882   0.0134  -0.1094  -0.1985  -0.3017   1.2448   1.1772   8.1339       358.30            0.000000            0.000000            0.000000
2298   -5.0444    122.19    5.32  -12.24  112.00    0.00    0.00        3568.99           0.00           0.00       24084.02           0.00           0.00   318.79  1305.20   389.07   0.9276   0.7500   0.3063   0.3728   0.2338   0.0881   0.0134  -0.1094  -0.1985  -0.3017   1.2341   1.1691   8.1346       365.47            0.000000            0.000000            0.000000
2299   -5.0444    122.19    5.32  -12.24  112.00    0.00    0.00        3568.99           0.00           0.00       24084.02           0.00           0.00   318.15  1305.20   389.11   0.9276   0.7393   0.3063   0.3729   0.2338   0.0880   0.0135  -0.1094  -0.1985  -0.3017   1.2235   1.1610   8.1353       372.78            0.000000            0.000000            0.000000
2300   -5.0444    122.19    5.32  -12.24  112.00    0.00    0.00        3568.99           0.00           0.00       24084.02           0.00           0.00   317.51  1305.20   389.15   0.9276   0.7286   0.3063   0.3730   0.2338   0.0879   0.0135  -0.1094  -0.1985  -0.3017   1.2129   1.1529   8.1360       380.23            0.000000            0.000000            0.000000
2301   -5.0444    122.19    5.32  -12.24  112.00    0.00    0.00        3568.99           0.00           0.00       24084.02           0.00           0.00   316.88  1305.20   389.19   0.9276   0.7180   0.3063   0.3731   0.2338   0.0878   0.0136  -0.1094  -0.1985  -0.3017   1.2024   1.1449   8.1367       387.84            0.000000            0.000000            0.000000
2302   -5.0444    122.19    5.32  -12.24  112.00    0.00    0.00        3568.99           0.00           0.00       24084.02           0.00           0.00   316.25  1305.20   389.23   0.9276   0.7074   0.3063   0.3733   0.2338   0.0877   0.0136  -0.1094  -0.1985  -0.3017   1.1919   1.1369   8.1374       395.60            0.000000            0.000000            0.000000
2303   -5.0444    122.19    5.32  -12.24  112.00    0.00    0.00        3568.99           0.00           0.00       24084.02           0.00           0.00   315.63  1305.20   389.27   0.9276   0.6969   0.3063   0.3734   0.2338   0.0875   0.0137  -0.1094  -0.1985  -0.3017   1.1815   1.1289   8.1381       403.51            0.000000            0.000000            0.000000
2304   -5.0444    122.19    5.32  -12.24  112.00    0.00    0.00        3568.99           0.00           0.00       24084.02           0.00           0.00   315.01  1305.20   389.31   0.9276   0.6864   0.3063   0.3735   0.2338   0.0874   0.0137  -0.1094  -0.1985  -0.3017   1.1711   1.1209   8.1388       411.58            0.000000            0.000000            0.000000
2305   -5.0444    122.19    5.32  -12.24  112.00    0.00    0.00        3568.99           0.00           0.00       24084.02           0.00           0.00   314.40  1305.20   389.35   0.9276   0.6760   0.3063   0.3736   0.2338   0.0873   0.0137  -0.1094  -0.1985  -0.3017   1.1607   1.1130   8.1395       419.81            0.000000            0.000000            0.000000
2306   -5.0444    122.19    5.32  -12.24  112.00    0.00    0.00        3568.99           0.00           0.00       24084.02           0.00           0.00   313.78  1305.20   389.39   0.9276   0.6656   0.3063   0.3737   0.2338   0.0872   0.0138  -0.1094  -0.1985  -0.3017   1.1504   1.1051   8.1402       428.21            0.000000            0.000000            0.000000
2307   -5.0444    122.19    5.32  -12.24  112.00    0.00    0.00        3568.99           0.00           0.00       24084.02           0.00           0.00   313.18  1305.20   389.43   0.9276   0.6552   0.3063   0.3738   0.2338   0.0871   0.0138  -0.1094  -0.1985  -0.3017   1.1401   1.0972   8.1408       436.77            0.000000            0.000000            0.000000
2308   -5.0444    122.19    5.32  -12.24  112.00    0.00    0.00        3568.99           0.00           0.00       24084.02           0.00           0.00   312.57  1305.20   389.47   0.9276   0.6449   0.3063   0.3739   0.2338   0.0870   0.0139  -0.1094  -0.1985  -0.3017   1.1299   1.0894   8.1415       445.51            0.000000            0.000000            0.000000
2309   -5.0444    122.19    5.32  -12.24  112.00    0.00    0.00        3568.99           0.00           0.00       24084.02           0.00           0.00   311.97  1305.20   389.51   0.9276   0.6346   0.3063   0.3740   0.2338   0.0870   0.0139  -0.1094  -0.1985  -0.3017   1.1197   1.0816   8.1422       454.42            0.000000            0.000000            0.000000
2310   -5.0444    122.19    5.32  -12.24  112.00    0.00    0.00        3568.99           0.00           0.00       24084.02           0.00           0.00   311.37  1305.20   389.55   0.9276   0.6244   0.3063   0.3742   0.2338   0.0869   0.0140  -0.1094  -0.1985  -0.3017   1.1096   1.0738   8.1429       463.50            0.000000            0.000000            0.000000
2311   -5.0444    122.19    5.32  -12.24  112.00    0.00    0.00        3568.99           0.00           0.00       24084.02           0.00           0.00   310.78  1305.20   389.59   0.9276   0.6142   0.3063   0.3743   0.2338   0.0868   0.0140  -0.1094  -0.1985  -0.3017   1.0994   1.0660   8.1436       472.77            0.000000            0.000000            0.000000
2312   -5.0444    122.19    5.32  -12.24  112.00    0.00    0.00        3568.99           0.00           0.00       24084.02           0.00           0.00   310.19  1305.20   389.63   0.9276   0.6040   0.3063   0.3744   0.2338   0.0867   0.0140  -0.1094  -0.1985  -0.3017   1.0894   1.0582   8.1442       482.23            0.000000            0.000000            0.000000
2313   -5.0444    122.19    5.32  -12.24  112.00    0.00    0.00        3568.99           0.00           0.00       24084.02           0.00           0.00   309.60  1305.20   389.66   0.9276   0.5939   0.3063   0.3745   0.2338   0.0866   0.0141  -0.1094  -0.1985  -0.3017   1.0793   1.0505   8.1449       491.87            0.000000            0.000000            0.000000
2314   -5.0444    122.19    5.32  -12.24  112.00    0.00    0.00        3568.99           0.00           0.00       24084.02           0.00           0.00   309.02  1305.20   389.70   0.9276   0.5838   0.3063   0.3746   0.2338   0.0865   0.0141  -0.1094  -0.1985  -0.3017   1.0693   1.0428   8.1456       501.71            0.000000            0.000000            0.000000
2315   -5.0444    122.19    5.32  -12.24  112.00    0.00    0.00        3568.99           0.00           0.00       24084.02           0.00           0.00   308.43  1305.20   389.74   0.9276   0.5738   0.3063   0.3747   0.2338   0.0864   0.0142  -0.1094  -0.1985  -0.3017   1.0594   1.0351   8.1462       511.75            0.000000            0.000000            0.000000
2316   -5.0444    122.19    5.32  -12.24  112.00    0.00    0.00        3568.99           0.00           0.00       24084.02           0.00           0.00   307.86  1305.20   389.77   0.9276   0.5638   0.3063   0.3748   0.2338   0.0863   0.0142  -0.1094  -0.1985  -0.3017   1.0494   1.0275   8.1469       521.98            0.000000            0.000000            0.000000
2317   -5.0444    122.19    5.32  -12.24  112.00    0.00    0.00        3568.99           0.00           0.00       24084.02           0.00           0.00   307.28  1305.20   389.81   0.9276   0.5538   0.3063   0.3749   0.2338   0.0862   0.0142  -0.1094  -0.1985  -0.3017   1.0396   1.0198   8.1475       532.42            0.000000            0.000000            0.000000
2318   -5.0444    122.19    5.32  -12.24  112.00    0.00    0.00        3568.99           0.00           0.00       24084.02           0.00           0.00   306.71  1305.20   389.85   0.9276   0.5438   0.3063   0.3750   0.2338   0.0861   0.0143  -0.1094  -0.1985  -0.3017   1.0297   1.0122   8.1482       543.07            0.000000            0.000000            0.000000
2319   -5.0444    122.19    5.32  -12.24  112.00    0.00    0.00        3568.99           0.00           0.00       24084.02           0.00           0.00   306.14  1305.20   389.88   0.9276   0.5339   0.3063   0.3751   0.2338   0.0861   0.0143  -0.1094  -0.1985  -0.3017   1.0199   1.0046   8.1488       553.93            0.000000            0.000000            0.000000
2320   -5.0444    122.19    5.32  -12.24  112.00    0.00    0.00        3568.99           0.00           0.00       24084.02           0.00           0.00   305.57  1305.20   389.92   0.9276   0.5241   0.3063   0.3752   0.2338   0.0860   0.0144  -0.1094  -0.1985  -0.3017   1.0101   0.9971   8.1495       565.01            0.000000            0.000000            0.000000
2321   -5.0444    122.19    5.32  -12.24  112.00    0.00    0.00        3568.99           0.00           0.00       24084.02           0.00           0.00   305.01  1305.20   389.95   0.9276   0.5142   0.3063   0.3753   0.2338   0.0859   0.0144  -0.1094  -0.1985  -0.3017   1.0003   0.9895   8.1501       576.31            0.000000            0.000000            0.000000
2322   -5.0444    122.19    5.32  -12.24  112.00    0.00    0.00        3568.99           0.00           0.00       24084.02           0.00           0.00   304.45  1305.20   389.98   0.9276   0.5044   0.3063   0.3754   0.2338   0.0858   0.0145  -0.1094  -0.1985  -0.3017   0.9906   0.9820   8.1508       587.83            0.000000            0.000000            0.000000
2323   -5.0444    122.19    5.32  -12.24  112.00    0.00    0.00        3568.99           0.00           0.00       24084.02           0.00           0.00   303.89  1305.20   390.02   0.9276   0.4946   0.3063   0.3755   0.2338   0.0857   0.0145  -0.1094  -0.1985  -0.3017   0.9809   0.9745   8.1514       599.59            0.000000            0.000000            0.000000
2324   -5.0444    122.19    5.32  -12.24  112.00    0.00    0.00        3568.99           0.00           0.00       24084.02           0.00           0.00   303.34  1305.20   390.05   0.9276   0.4849   0.3063   0.3756   0.2338   0.0856   0.0145  -0.1094  -0.1985  -0.3017   0.9712   0.9670   8.1521       611.58            0.000000            0.000000            0.000000
2325   -5.0444    122.19    5.32  -12.24  112.00    0.00    0.00        3568.99           0.00           0.00       24084.02           0.00           0.00   302.79  1305.20   390.09   0.9276   0.4751   0.3063   0.3757   0.2338   0.0856   0.0146  -0.1094  -0.1985  -0.3017   0.9616   0.9596   8.1527       623.82            0.000000            0.000000            0.000000
2326   -5.0444    122.19    5.32  -12.24  112.00    0.00    0.00        3568.99           0.00           0.00       24084.02           0.00           0.00   302.24  1305.20   390.12   0.9276   0.4655   0.3063   0.3758   0.2338   0.0855   0.0146  -0.1094  -0.1985  -0.3017   0.9520   0.9521   8.1534       636.29            0.000000            0.000000            0.000000
2327   -5.0444    122.19    5.32  -12.24  112.00    0.00    0.00        3568.99           0.00           0.00       24084.02           0.00           0.00   301.69  1305.20   390.15   0.9276   0.4558   0.3063   0.3759   0.2338   0.0854   0.0147  -0.1094  -0.1985  -0.3017   0.9424   0.9447   8.1540       649.02            0.000000            0.000000            0.000000
2328   -5.0444    122.19    5.32  -12.24  112.00    0.00    0.00        3568.99           0.00           0.00       24084.02           0.00           0.00   301.15  1305.20   390.18   0.9276   0.4462   0.3063   0.3760   0.2338   0.0853   0.0147  -0.1094  -0.1985  -0.3017   0.9329   0.9373   8.1546       662.00            0.000000            0.000000            0.000000
2329   -5.0444    122.19    5.32  -12.24  112.00    0.00    0.00        3568.99           0.00           0.00       24084.02           0.00           0.00   300.61  1305.20   390.22   0.9276   0.4366   0.3063   0.3761   0.2338   0.0853   0.0148  -0.1094  -0.1985  -0.3017   0.9233   0.9299   8.1553       675.24            0.000000            0.000000            0.000000
2330   -5.0444    122.19    5.32  -12.24  112.00    0.00    0.00        3568.99           0.00           0.00       24084.02           0.00           0.00   300.07  1305.20   390.25   0.9276   0.4270   0.3063   0.3762   0.2338   0.0852   0.0148  -0.1094  -0.1985  -0.3017   0.9139   0.9225   8.1559       688.74            0.000000            0.000000            0.000000
2331   -5.0444    122.19    5.32  -12.24  112.00    0.00    0.00        3568.99           0.00           0.00       24084.02           0.00           0.00   299.53  1305.20   390.28   0.9276   0.4175   0.3063   0.3762   0.2338   0.0851   0.0148  -0.1094  -0.1985  -0.3017   0.9044   0.9152   8.1565       702.52            0.000000            0.000000            0.000000
2332   -5.0444    122.19    5.32  -12.24  112.00    0.00    0.00        3568.99           0.00           0.00       24084.02           0.00           0.00   299.00  1305.20   390.31   0.9276   0.4079   0.3063   0.3763   0.2338   0.0850   0.0149  -0.1094  -0.1985  -0.3017   0.8950   0.9079   8.1571       716.57            0.000000            0.000000            0.000000
2333   -5.0444    122.19    5.32  -12.24  112.00    0.00    0.00        3568.99           0.00           0.00       24084.02           0.00           0.00   298.47  1305.20   390.34   0.9276   0.3985   0.3063   0.3764   0.2338   0.0850   0.0149  -0.1094  -0.1985  -0.3017   0.8856   0.9006   8.1578       730.90            0.000000            0.000000            0.000000
2334   -5.0444    122.19    5.32  -12.24  112.00    0.00    0.00        3568.99           0.00           0.00       24084.02           0.00           0.00   297.94  1305.20   390.37   0.9276   0.3890   0.3063   0.3765   0.2338   0.0849   0.0150  -0.1094  -0.1985  -0.3017   0.8762   0.8933   8.1584       745.52            0.000000            0.000000            0.000000
2335   -5.0444    122.19    5.32  -12.24  112.00    0.00    0.00        3568.99           0.00           0.00       24084.02           0.00           0.00   297.41  1305.20   390.40   0.9276   0.3796   0.3063   0.3766   0.2338   0.0848   0.0150  -0.1094  -0.1985  -0.3017   0.8668   0.8860   8.1590       760.43            0.000000            0.000000            0.000000
2336   -5.0444    122.19    5.32  -12.24  112.00    0.00    0.00        3568.99           0.00           0.00       24084.02           0.00           0.00   296.89  1305.20   390.43   0.9276   0.3701   0.3063   0.3767   0.2338   0.0848   0.0150  -0.1094  -0.1985  -0.3017   0.8575   0.8787   8.1596       775.64            0.000000            0.000000            0.000000
2337   -5.0444    122.19    5.32  -12.24  112.00    0.00    0.00        3568.99           0.00           0.00       24084.02           0.00           0.00   296.37  1305.20   390.46   0.9276   0.3608   0.3063   0.3768   0.2338   0.0847   0.0151  -0.1094  -0.1985  -0.3017   0.8482   0.8715   8.1602       791.15            0.000000            0.000000            0.000000
2338   -5.0444    122.19    5.32  -12.24  112.00    0.00    0.00        3568.99           0.00           0.00       24084.02           0.00           0.00   295.85  1305.20   390.49   0.9276   0.3514   0.3063   0.3769   0.2338   0.0846   0.0151  -0.1094  -0.1985  -0.3017   0.8389   0.8643   8.1608       806.97            0.000000            0.000000            0.000000
2339   -5.0444    122.19    5.32  -12.24  112.00    0.00    0.00        3568.99           0.00           0.00       24084.02           0.00           0.00   295.33  1305.20   390.52   0.9276   0.3421   0.3063   0.3769   0.2338   0.0846   0.0152  -0.1094  -0.1985  -0.3017   0.8297   0.8571   8.1615       823.11            0.000000            0.000000            0.000000
2340   -5.0444    122.19    5.32  -12.24  112.00    0.00    0.00        3568.99           0.00           0.00       24084.02           0.00           0.00   294.82  1305.20   390.55   0.9276   0.3328   0.3063   0.3770   0.2338   0.0845   0.0152  -0.1094  -0.1985  -0.3017   0.8204   0.8499   8.1621       839.57            0.000000            0.000000            0.000000
2341   -5.0444    122.19    5.32  -12.24  112.00    0.00    0.00        3568.99           0.00           0.00       24084.02           0.00           0.00   294.31  1305.20   390.58   0.9276   0.3235   0.3063   0.3771   0.2338   0.0844   0.0153  -0.1094  -0.1985  -0.3017   0.8112   0.8427   8.1627       856.36            0.000000            0.000000            0.000000
2342   -5.0444    122.19    5.32  -12.24  112.00    0.00    0.00        3568.99           0.00           0.00       24084.02           0.00           0.00   293.80  1305.20   390.61   0.9276   0.3142   0.3063   0.3772   0.2338   0.0844   0.0153  -0.1094  -0.1985  -0.3017   0.8021   0.8356   8.1633       873.49            0.000000            0.000000            0.000000
2343   -5.0444    122.19    5.32  -12.24  112.00    0.00    0.00        3568.99           0.00           0.00       24084.02           0.00           0.00   293.29  1305.20   390.64   0.9276   0.3050   0.3063   0.3773   0.2338   0.0843   0.0153  -0.1094  -0.1985  -0.3017   0.7929   0.8284   8.1639       890.96            0.000000            0.000000            0.000000
2344   -5.0444    122.19    5.32  -12.24  112.00    0.00    0.00        3568.99           0.00           0.00       24084.02           0.00           0.00   292.78  1305.20   390.67   0.9276   0.2958   0.3063   0.3774   0.2338   0.0842   0.0154  -0.1094  -0.1985  -0.3017   0.7838   0.8213   8.1645       908.78            0.000000            0.000000            0.000000
2345   -5.0444    122.19    5.32  -12.24  112.00    0.00    0.00        3568.99           0.00           0.00       24084.02           0.00           0.00   292.28  1305.20   390.69   0.9276   0.2866   0.3063   0.3774   0.2338   0.0842   0.0154  -0.1094  -0.1985  -0.3017   0.7747   0.8142   8.1651       926.96            0.000000            0.000000            0.000000
2346   -5.0444    122.19    5.32  -12.24  112.00    0.00    0.00        3568.99           0.00           0.00       24084.02           0.00           0.00   291.78  1305.20   390.72   0.9276   0.2774   0.3063   0.3775   0.2338   0.0841   0.0155  -0.1094  -0.1985  -0.3017   0.7656   0.8071   8.1657       945.50            0.000000            0.000000            0.000000
2347   -5.0444    122.19    5.32  -12.24  112.00    0.00    0.00        3568.99           0.00           0.00       24084.02           0.00           0.00   291.28  1305.20   390.75   0.9276   0.2683   0.3063   0.3776   0.2338   0.0841   0.0155  -0.1094  -0.1985  -0.3017   0.7565   0.8000   8.1663       964.41            0.000000            0.000000            0.000000
2348   -5.0444    122.19    5.32  -12.24  112.00    0.00    0.00        3568.99           0.00           0.00       24084.02           0.00           0.00   290.78  1305.20   390.78   0.9276   0.2592   0.3063   0.3777   0.2338   0.0840   0.0155  -0.1094  -0.1985  -0.3017   0.7475   0.7930   8.1669       983.69            0.000000            0.000000            0.000000
2349   -5.0444    122.19    5.32  -12.24  112.00    0.00    0.00        3568.99           0.00           0.00       24084.02           0.00           0.00   290.29  1305.20   390.80   0.9276   0.2501   0.3063   0.3777   0.2338   0.0839   0.0156  -0.1094  -0.1985  -0.3017   0.7385   0.7859   8.1675      1003.37            0.000000            0.000000            0.000000
2350   -5.0444    122.19    5.32  -12.24  112.00    0.00    0.00        3568.99           0.00           0.00       24084.02           0.00           0.00   289.79  1305.20   390.83   0.9276   0.2410   0.3063   0.3778   0.2338   0.0839   0.0156  -0.1094  -0.1985  -0.3017   0.7295   0.7789   8.1681      1023.43            0.000000            0.000000            0.000000
2351   -5.0444    122.19    5.32  -12.24  112.00    0.00    0.00        3568.99           0.00           0.00       24084.02           0.00           0.00   289.30  1305.20   390.86   0.9276   0.2319   0.3063   0.3779   0.2338   0.0838   0.0157  -0.1094  -0.1985  -0.3017   0.7205   0.7719   8.1687      1043.90            0.000000            0.000000            0.000000
2352   -5.0444    122.19    5.32  -12.24  112.00    0.00    0.00        3568.99           0.00           0.00       24084.02           0.00           0.00   288.81  1305.20   390.88   0.9276   0.2229   0.3063   0.3780   0.2338   0.0838   0.0157  -0.1094  -0.1985  -0.3017   0.7115   0.7649   8.1693      1064.78            0.000000            0.000000            0.000000
2353   -5.0444    122.19    5.32  -12.24  112.00    0.00    0.00        3568.99           0.00           0.00       24084.02           0.00           0.00   288.32  1305.20   390.91   0.9276   0.2139   0.3063   0.3780   0.2338   0.0837   0.0158  -0.1094  -0.1985  -0.3017   0.7026   0.7579   8.1699      1086.08            0.000000            0.000000            0.000000
2354   -5.0444    122.19    5.32  -12.24  112.00    0.00    0.00        3568.99           0.00           0.00       24084.02           0.00           0.00   287.84  1305.20   390.93   0.9276   0.2049   0.3063   0.3781   0.2338   0.0837   0.0158  -0.1094  -0.1985  -0.3017   0.6937   0.7509   8.1705      1107.80            0.000000            0.000000            0.000000
2355   -5.0444    122.19    5.32  -12.24  112.00    0.00    0.00        3568.99           0.00           0.00       24084.02           0.00           0.00   287.36  1305.20   390.96   0.9276   0.1959   0.3063   0.3782   0.2338   0.0836   0.0158  -0.1094  -0.1985  -0.3017   0.6848   0.7440   8.1710      1129.95            0.000000            0.000000            0.000000
2356   -5.0444    122.19    5.32  -12.24  112.00    0.00    0.00        3568.99           0.00           0.00       24084.02           0.00           0.00   286.87  1305.20   390.98   0.9276   0.1870   0.3063   0.3783   0.2338   0.0835   0.0159  -0.1094  -0.1985  -0.3017   0.6759   0.7370   8.1716      1152.55            0.000000            0.000000            0.000000
2357   -5.0444    122.19    5.32  -12.24  112.00    0.00    0.00        3568.99           0.00           0.00       24084.02           0.00           0.00   286.39  1305.20   391.01   0.9276   0.1780   0.3063   0.3783   0.2338   0.0835   0.0159  -0.1094  -0.1985  -0.3017   0.6671   0.7301   8.1722      1175.60            0.000000            0.000000            0.000000
2358   -5.0444    122.19    5.32  -12.24  112.00    0.00    0.00        3568.99           0.00           0.00       24084.02           0.00           0.00   285.92  1305.20   391.03   0.9276   0.1691   0.3063   0.3784   0.2338   0.0834   0.0160  -0.1094  -0.1985  -0.3017   0.6582   0.7232   8.1728      1199.12            0.000000            0.000000            0.000000
2359   -4.8245    122.19    5.32  -11.44  111.21    0.00    0.00        3349.42           0.00           0.00       23323.62           0.00           0.00   285.49  1305.20   391.06   0.9276   0.1611   0.3063   0.3785   0.2338   0.0834   0.0160  -0.1094  -0.1985  -0.3017   0.6503   0.7163   8.1733      1223.10            0.000000            0.000000            0.000000
2360   -4.8265    122.19    5.32  -11.44  111.22    0.00    0.00        3351.36           0.00           0.00       23330.44           0.00           0.00   285.10  1305.20   391.08   0.9276   0.1538   0.3063   0.3785   0.2338   0.0833   0.0160  -0.1094  -0.1985  -0.3017   0.6431   0.7097   8.1738      1247.56            0.000000            0.000000            0.000000
2361   -4.5498    122.19    5.32  -10.43  110.23    0.00    0.00        3101.26           0.00           0.00       22438.47           0.00           0.00   284.76  1305.20   391.11   0.9276   0.1475   0.3063   0.3786   0.2338   0.0833   0.0161  -0.1094  -0.1985  -0.3017   0.6368   0.7032   8.1742      1272.51            0.000000            0.000000            0.000000
2362   -4.5519    122.19    5.32  -10.44  110.23    0.00    0.00        3103.00           0.00           0.00       22444.78           0.00           0.00   284.47  1305.20   391.13   0.9276   0.1421   0.3063   0.3787   0.2338   0.0832   0.0161  -0.1094  -0.1985  -0.3017   0.6315   0.6971   8.1746      1297.96            0.000000            0.000000            0.000000
2363   -4.8326    122.19    5.32  -11.47  111.24    0.00    0.00        3357.20           0.00           0.00       23350.91           0.00           0.00   284.11  1305.20   391.15   0.9276   0.1353   0.3063   0.3787   0.2338   0.0832   0.0162  -0.1094  -0.1985  -0.3017   0.6247   0.6910   8.1750      1323.92            0.000000            0.000000            0.000000
2364   -4.8346    122.19    5.32  -11.47  111.25    0.00    0.00        3359.15           0.00           0.00       23357.74           0.00           0.00   283.68  1305.20   391.18   0.9276   0.1273   0.3063   0.3788   0.2338   0.0831   0.0162  -0.1094  -0.1985  -0.3017   0.6168   0.6848   8.1755      1350.40            0.000000            0.000000            0.000000
2365   -4.5580    122.19    5.32  -10.46  110.25    0.00    0.00        3108.22           0.00           0.00       22463.73           0.00           0.00   283.32  1305.20   391.20   0.9276   0.1204   0.3063   0.3789   0.2338   0.0831   0.0163  -0.1094  -0.1985  -0.3017   0.6100   0.6787   8.1760      1377.41            0.000000            0.000000            0.000000
2366   -4.5600    122.19    5.32  -10.47  110.26    0.00    0.00        3109.97           0.00           0.00       22470.06           0.00           0.00   283.00  1305.20   391.22   0.9276   0.1144   0.3063   0.3789   0.2338   0.0831   0.0163  -0.1094  -0.1985  -0.3017   0.6042   0.6728   8.1764      1404.96            0.000000            0.000000            0.000000
2367   -4.8408    122.19    5.32  -11.50  111.27    0.00    0.00        3365.01           0.00           0.00       23378.25           0.00           0.00   282.62  1305.20   391.24   0.9276   0.1073   0.3063   0.3790   0.2338   0.0830   0.0163  -0.1094  -0.1985  -0.3017   0.5970   0.6668   8.1768      1433.06            0.000000            0.000000            0.000000
2368   -4.8428    122.19    5.32  -11.50  111.28    0.00    0.00        3366.96           0.00           0.00       23385.10           0.00           0.00   282.18  1305.20   391.27   0.9276   0.0989   0.3063   0.3791   0.2338   0.0830   0.0164  -0.1094  -0.1985  -0.3017   0.5888   0.6608   8.1774      1461.72            0.000000            0.000000            0.000000
2369   -4.5661    122.19    5.32  -10.49  110.28    0.00    0.00        3115.21           0.00           0.00       22489.05           0.00           0.00   281.80  1305.20   391.29   0.9276   0.0918   0.3063   0.3791   0.2338   0.0829   0.0164  -0.1094  -0.1985  -0.3017   0.5817   0.6548   8.1778      1490.95            0.000000            0.000000            0.000000
2370   -4.5682    122.19    5.32  -10.50  110.29    0.00    0.00        3116.96           0.00           0.00       22495.39           0.00           0.00   281.48  1305.20   391.31   0.9276   0.0856   0.3063   0.3792   0.2338   0.0829   0.0165  -0.1094  -0.1985  -0.3017   0.5756   0.6489   8.1782      1520.77            0.000000            0.000000            0.000000
2371   -4.8489    122.19    5.32  -11.53  111.30    0.00    0.00        3372.84           0.00           0.00       23405.67           0.00           0.00   281.09  1305.20   391.33   0.9276   0.0782   0.3063   0.3793   0.2338   0.0828   0.0165  -0.1094  -0.1985  -0.3017   0.5683   0.6430   8.1787      1551.19            0.000000            0.000000            0.000000
2372   -4.8509    122.19    5.32  -11.53  111.31    0.00    0.00        3374.80           0.00           0.00       23412.53           0.00           0.00   280.64  1305.20   391.36   0.9276   0.0697   0.3063   0.3793   0.2338   0.0828   0.0165  -0.1094  -0.1985  -0.3017   0.5599   0.6370   8.1793      1582.21            0.000000            0.000000            0.000000
2373   -4.5743    122.19    5.32  -10.52  110.31    0.00    0.00        3122.22           0.00           0.00       22514.43           0.00           0.00   280.26  1305.20   391.38   0.9276   0.0624   0.3063   0.3794   0.2338   0.0827   0.0166  -0.1094  -0.1985  -0.3017   0.5527   0.6310   8.1798      1613.85            0.000000            0.000000            0.000000
2374   -4.5763    122.19    5.32  -10.53  110.32    0.00    0.00        3123.98           0.00           0.00       22520.78           0.00           0.00   279.93  1305.20   391.40   0.9276   0.0562   0.3063   0.3794   0.2338   0.0827   0.0166  -0.1094  -0.1985  -0.3017   0.5465   0.6251   8.1802      1646.13            0.000000            0.000000            0.000000
2375   -4.2996    122.19    5.32   -9.51  109.33    0.00    0.00        2897.83           0.00           0.00       21688.34           0.00           0.00   279.65  1305.20   391.42   0.9276   0.0508   0.3063   0.3795   0.2338   0.0827   0.0167  -0.1094  -0.1985  -0.3017   0.5412   0.6195   8.1805      1679.05            0.000000            0.000000            0.000000
2376   -4.3017    122.19    5.32   -9.52  109.33    0.00    0.00        2899.40           0.00           0.00       21694.24           0.00           0.00   279.42  1305.20   391.44   0.9276   0.0464   0.3063   0.3796   0.2338   0.0826   0.0167  -0.1094  -0.1985  -0.3017   0.5369   0.6141   8.1808      1712.63            0.000000            0.000000            0.000000
2377   -4.5824    122.19    5.32  -10.55  110.34    0.00    0.00        3129.25           0.00           0.00       22539.86           0.00           0.00   279.12  1305.20   391.46   0.9276   0.0406   0.3063   0.3796   0.2338   0.0826   0.0168  -0.1094  -0.1985  -0.3017   0.5312   0.6087   8.1812      1746.89            0.000000            0.000000            0.000000
2378   -4.5844    122.19    5.32  -10.56  110.35    0.00    0.00        3131.01           0.00           0.00       22546.23           0.00           0.00   278.75  1305.20   391.48   0.9276   0.0336   0.3063   0.3797   0.2338   0.0825   0.0168  -0.1094  -0.1985  -0.3017   0.5242   0.6033   8.1816      1781.82            0.000000            0.000000            0.000000
2379   -4.3078    122.19    5.32   -9.54  109.36    0.00    0.00        2904.12           0.00           0.00       21711.95           0.00           0.00   278.44  1305.20   391.50   0.9276   0.0277   0.3063   0.3797   0.2338   0.0825   0.0168  -0.1094  -0.1985  -0.3017   0.5184   0.5979   8.1820      1817.46            0.000000            0.000000            0.000000
2380   -4.3098    122.19    5.32   -9.55  109.36    0.00    0.00        2905.70           0.00           0.00       21717.86           0.00           0.00   278.18  1305.20   391.52   0.9276   0.0227   0.3063   0.3798   0.2338   0.0825   0.0169  -0.1094  -0.1985  -0.3017   0.5135   0.5927   8.1823      1853.81            0.000000            0.000000            0.000000
2381   -4.0331    122.19    5.32   -8.54  108.37    0.00    0.00        2702.44           0.00           0.00       20942.58           0.00           0.00   277.97  1305.20   391.54   0.9276   0.0187   0.3063   0.3799   0.2338   0.0824   0.0169  -0.1094  -0.1985  -0.3017   0.5095   0.5877   8.1826      1890.89            0.000000            0.000000            0.000000
2382   -3.7963    122.19    5.32   -7.67  107.52    0.00    0.00        2545.39           0.00           0.00       20321.54           0.00           0.00   277.85  1305.20   391.56   0.9276   0.0164   0.3063   0.3799   0.2338   0.0824   0.0170  -0.1094  -0.1985  -0.3017   0.5073   0.5830   8.1828      1928.70            0.000000            0.000000            0.000000
2383   -3.8382    122.19    5.32   -7.82  107.67    0.00    0.00        2572.12           0.00           0.00       20428.75           0.00           0.00   277.75  1305.20   391.58   0.9276   0.0145   0.3063   0.3800   0.2338   0.0824   0.0170  -0.1094  -0.1985  -0.3017   0.5055   0.5787   8.1829      1967.28            0.000000            0.000000            0.000000
2384   -3.6014    122.19    5.32   -6.95  106.82    0.00    0.00        2426.73           0.00           0.00       19837.16           0.00           0.00   277.68  1305.20   391.60   0.9276   0.0130   0.3063   0.3800   0.2338   0.0823   0.0170  -0.1094  -0.1985  -0.3017   0.5041   0.5747   8.1830      2006.62            0.000000            0.000000            0.000000
2385   -3.6433    122.19    5.32   -7.11  106.97    0.00    0.00        2451.48           0.00           0.00       19939.36           0.00           0.00   277.62  1305.20   391.62   0.9276   0.0119   0.3063   0.3801   0.2338   0.0823   0.0171  -0.1094  -0.1985  -0.3017   0.5030   0.5709   8.1831      2046.76            0.000000            0.000000            0.000000
2386   -3.9639    122.19    5.32   -8.28  108.12    0.00    0.00        2655.01           0.00           0.00       20757.25           0.00           0.00   277.46  1305.20   391.64   0.9276   0.0089   0.3063   0.3801   0.2338   0.0823   0.0171  -0.1094  -0.1985  -0.3017   0.5001   0.5672   8.1832      2087.69            0.000000            0.000000            0.000000
2387   -4.0058    122.19    5.32   -8.44  108.27    0.00    0.00        2683.58           0.00           0.00       20869.10           0.00           0.00   277.22  1305.20   391.66   0.9276   0.0043   0.3063   0.3802   0.2338   0.0822   0.0172  -0.1094  -0.1985  -0.3017   0.4956   0.5634   8.1835      2129.45            0.000000            0.000000            0.000000
2388   -3.7690    122.19    5.32   -7.57  107.42    0.00    0.00        2528.22           0.00           0.00       20252.31           0.00           0.00   277.02  1305.20   391.68   0.9276   0.0004   0.3063   0.3802   0.2338   0.0822   0.0172  -0.1094  -0.1985  -0.3017   0.4917   0.5595   8.1838      2172.03            0.000000            0.000000            0.000000
2389   -3.2535    122.19    5.32   -5.68  105.57    0.00    0.00        2236.26           0.00           0.00       19026.81           0.00           0.00   276.97  1305.20   391.69   0.9276  -0.0006   0.3063   0.3803   0.2338   0.0822   0.0172  -0.1094  -0.1985  -0.3017   0.4908   0.5559   8.1839      2215.47            0.000000            0.000000            0.000000
2390   -2.9815    122.19    5.32   -4.68  104.60    0.00    0.00        2104.30           0.00           0.00       18436.63           0.00           0.00   277.06  1305.20   391.71   0.9276   0.0011   0.3063   0.3803   0.2338   0.0821   0.0173  -0.1094  -0.1985  -0.3017   0.4926   0.5529   8.1838      2259.78            0.000000            0.000000            0.000000
2391   -2.4307    122.19    5.32   -2.66  102.62    0.00    0.00        1875.99           0.00           0.00       17342.71           0.00           0.00   277.28  1305.20   391.73   0.9276   0.0055   0.3063   0.3804   0.2338   0.0821   0.0173  -0.1094  -0.1985  -0.3017   0.4970   0.5505   8.1835      2304.98            0.000000            0.000000            0.000000
2392   -2.1586    122.19    5.32   -1.66  101.65    0.00    0.00        1779.65           0.00           0.00       16845.62           0.00           0.00   277.64  1305.20   391.75   0.9276   0.0122   0.3063   0.3804   0.2338   0.0821   0.0174  -0.1094  -0.1985  -0.3017   0.5039   0.5489   8.1830      2351.08            0.000000            0.000000            0.000000
2393   -2.1652    122.19    5.32   -1.69  101.67    0.00    0.00        1781.88           0.00           0.00       16857.41           0.00           0.00   277.99  1305.20   391.77   0.9276   0.0191   0.3063   0.3805   0.2338   0.0820   0.0174  -0.1094  -0.1985  -0.3017   0.5108   0.5480   8.1826      2398.10            0.000000            0.000000            0.000000
2394   -1.8931    122.19    5.32   -0.69  100.69    0.00    0.00        1694.63           0.00           0.00       16384.66           0.00           0.00   278.36  1305.20   391.78   0.9276   0.0261   0.3063   0.3806   0.2338   0.0820   0.0175  -0.1094  -0.1985  -0.3017   0.5179   0.5476   8.1821      2446.06            0.000000            0.000000            0.000000
2395   -1.8998    122.19    5.32   -0.71  100.72    0.00    0.00        1696.65           0.00           0.00       16395.89           0.00           0.00   278.73  1305.20   391.80   0.9276   0.0332   0.3063   0.3806   0.2338   0.0820   0.0175  -0.1094  -0.1985  -0.3017   0.5251   0.5476   8.1817      2494.98            0.000000            0.000000            0.000000
2396   -2.1851    122.19    5.32   -1.76  101.74    0.00    0.00        1788.60           0.00           0.00       16892.86           0.00           0.00   279.00  1305.20   391.82   0.9276   0.0384   0.3063   0.3806   0.2338   0.0819   0.0175  -0.1094  -0.1985  -0.3017   0.5303   0.5479   8.1813      2544.88            0.000000            0.000000            0.000000
2397   -2.1917    122.19    5.32   -1.78  101.76    0.00    0.00        1790.85           0.00           0.00       16904.71           0.00           0.00   279.18  1305.20   391.84   0.9276   0.0418   0.3063   0.3807   0.2338   0.0819   0.0176  -0.1094  -0.1985  -0.3017   0.5339   0.5481   8.1811      2595.78            0.000000            0.000000            0.000000
2398   -2.4770    122.19    5.32   -2.83  102.79    0.00    0.00        1893.40           0.00           0.00       17430.04           0.00           0.00   279.28  1305.20   391.85   0.9276   0.0438   0.3063   0.3807   0.2338   0.0819   0.0176  -0.1094  -0.1985  -0.3017   0.5359   0.5482   8.1810      2647.70            0.000000            0.000000            0.000000
2399   -2.4836    122.19    5.32   -2.85  102.81    0.00    0.00        1895.92           0.00           0.00       17442.58           0.00           0.00   279.31  1305.20   391.87   0.9276   0.0443   0.3063   0.3808   0.2338   0.0818   0.0177  -0.1094  -0.1985  -0.3017   0.5365   0.5480   8.1809      2700.65            0.000000            0.000000            0.000000
2400   -2.7690    122.19    5.32   -3.90  103.84    0.00    0.00        2010.47           0.00           0.00       17999.57           0.00           0.00   279.28  1305.20   391.89   0.9276   0.0437   0.3063   0.3808   0.2338   0.0818   0.0177  -0.1094  -0.1985  -0.3017   0.5359   0.5476   8.1810      2754.66            0.000000            0.000000            0.000000
2401   -2.7756    122.19    5.32   -3.92  103.86    0.00    0.00        2013.28           0.00           0.00       18012.89           0.00           0.00   279.18  1305.20   391.90   0.9276   0.0419   0.3063   0.3809   0.2338   0.0818   0.0177  -0.1094  -0.1985  -0.3017   0.5342   0.5469   8.1811      2809.76            0.000000            0.000000            0.000000
2402   -3.0609    122.19    5.32   -4.97  104.88    0.00    0.00        2141.40           0.00           0.00       18605.26           0.00           0.00   279.03  1305.20   391.92   0.9276   0.0390   0.3063   0.3809   0.2338   0.0818   0.0178  -0.1094  -0.1985  -0.3017   0.5314   0.5458   8.1813      2865.95            0.000000            0.000000            0.000000
2403   -3.0675    122.19    5.32   -4.99  104.91    0.00    0.00        2144.54           0.00           0.00       18619.45           0.00           0.00   278.83  1305.20   391.94   0.9276   0.0351   0.3063   0.3810   0.2338   0.0817   0.0178  -0.1094  -0.1985  -0.3017   0.5276   0.5443   8.1815      2923.27            0.000000            0.000000            0.000000
2404   -2.7954    122.19    5.32   -4.00  103.93    0.00    0.00        2021.75           0.00           0.00       18052.95           0.00           0.00   278.69  1305.20   391.95   0.9276   0.0325   0.3063   0.3810   0.2338   0.0817   0.0179  -0.1094  -0.1985  -0.3017   0.5251   0.5427   8.1817      2981.74            0.000000            0.000000            0.000000
2405   -2.8021    122.19    5.32   -4.02  103.95    0.00    0.00        2024.59           0.00           0.00       18066.35           0.00           0.00   278.61  1305.20   391.97   0.9276   0.0310   0.3063   0.3811   0.2338   0.0817   0.0179  -0.1094  -0.1985  -0.3017   0.5236   0.5410   8.1818      3041.37            0.000000            0.000000            0.000000
2406   -3.0874    122.19    5.32   -5.07  104.98    0.00    0.00        2154.02           0.00           0.00       18662.13           0.00           0.00   278.47  1305.20   391.98   0.9276   0.0283   0.3063   0.3811   0.2338   0.0817   0.0179  -0.1094  -0.1985  -0.3017   0.5210   0.5393   8.1820      3102.20            0.000000            0.000000            0.000000
2407   -3.0940    122.19    5.32   -5.09  105.00    0.00    0.00        2157.20           0.00           0.00       18676.40           0.00           0.00   278.27  1305.20   392.00   0.9276   0.0244   0.3063   0.3812   0.2338   0.0816   0.0180  -0.1094  -0.1985  -0.3017   0.5172   0.5373   8.1822      3164.24            0.000000            0.000000            0.000000
2408   -2.8219    122.19    5.32   -4.09  104.03    0.00    0.00        2033.14           0.00           0.00       18106.64           0.00           0.00   278.13  1305.20   392.02   0.9276   0.0217   0.3063   0.3812   0.2338   0.0816   0.0180  -0.1094  -0.1985  -0.3017   0.5145   0.5352   8.1824      3227.53            0.000000            0.000000            0.000000
2409   -2.8285    122.19    5.32   -4.12  104.05    0.00    0.00        2036.01           0.00           0.00       18120.11           0.00           0.00   278.04  1305.20   392.03   0.9276   0.0201   0.3063   0.3813   0.2338   0.0816   0.0181  -0.1094  -0.1985  -0.3017   0.5130   0.5333   8.1825      3292.08            0.000000            0.000000            0.000000
2410   -3.1139    122.19    5.32   -5.16  105.07    0.00    0.00        2166.77           0.00           0.00       18719.33           0.00           0.00   277.89  1305.20   392.05   0.9276   0.0171   0.3063   0.3813   0.2338   0.0816   0.0181  -0.1094  -0.1985  -0.3017   0.5101   0.5312   8.1827      3357.92            0.000000            0.000000            0.000000
2411   -3.1205    122.19    5.32   -5.19  105.10    0.00    0.00        2169.98           0.00           0.00       18733.69           0.00           0.00   277.68  1305.20   392.06   0.9276   0.0131   0.3063   0.3813   0.2338   0.0815   0.0182  -0.1094  -0.1985  -0.3017   0.5061   0.5290   8.1830      3425.08            0.000000            0.000000            0.000000
2412   -3.0413    122.19    5.32   -4.90  104.81    0.00    0.00        2132.15           0.00           0.00       18563.43           0.00           0.00   277.49  1305.20   392.08   0.9276   0.0094   0.3063   0.3814   0.2338   0.0815   0.0182  -0.1094  -0.1985  -0.3017   0.5025   0.5266   8.1832      3493.58            0.000000            0.000000            0.000000
2413   -3.2409    122.19    5.32   -5.63  105.53    0.00    0.00        2229.80           0.00           0.00       18998.52           0.00           0.00   277.27  1305.20   392.09   0.9276   0.0052   0.3063   0.3814   0.2338   0.0815   0.0182  -0.1094  -0.1985  -0.3017   0.4984   0.5241   8.1835      3563.45            0.000000            0.000000            0.000000
2414   -3.1617    122.19    5.32   -5.34  105.24    0.00    0.00        2190.16           0.00           0.00       18823.60           0.00           0.00   277.04  1305.20   392.11   0.9276   0.0007   0.3063   0.3815   0.2338   0.0815   0.0183  -0.1094  -0.1985  -0.3017   0.4940   0.5215   8.1838      3634.72            0.000000            0.000000            0.000000
2415   -3.3613    122.19    5.32   -6.07  105.96    0.00    0.00        2292.49           0.00           0.00       19270.72           0.00           0.00   276.79  1305.20   392.12   0.9276  -0.0041   0.3063   0.3815   0.2338   0.0815   0.0183  -0.1094  -0.1985  -0.3017   0.4892   0.5187   8.1841      3707.42            0.000000            0.000000            0.000000
2416   -3.8395    122.19    5.32   -7.83  107.68    0.00    0.00        2572.94           0.00           0.00       20432.06           0.00           0.00   276.40  1305.20   392.14   0.9276  -0.0116   0.3063   0.3816   0.2338   0.0814   0.0184  -0.1094  -0.1985  -0.3017   0.4818   0.5155   8.1846      3781.56            0.000000            0.000000            0.000000
2417   -4.0391    122.19    5.32   -8.56  108.39    0.00    0.00        2706.57           0.00           0.00       20958.64           0.00           0.00   275.89  1305.20   392.15   0.9276  -0.0214   0.3063   0.3816   0.2338   0.0814   0.0184  -0.1094  -0.1985  -0.3017   0.4721   0.5118   8.1852      3857.20            0.000000            0.000000            0.000000
2418   -3.9599    122.19    5.32   -8.27  108.11    0.00    0.00        2652.30           0.00           0.00       20746.57           0.00           0.00   275.39  1305.20   392.16   0.9276  -0.0311   0.3063   0.3816   0.2338   0.0814   0.0184  -0.1094  -0.1985  -0.3017   0.4625   0.5077   8.1858      3934.34            0.000000            0.000000            0.000000
2419   -3.6021    122.19    5.32   -6.95  106.82    0.00    0.00        2427.10           0.00           0.00       19838.69           0.00           0.00   275.01  1305.20   392.18   0.9276  -0.0386   0.3063   0.3817   0.2338   0.0814   0.0185  -0.1094  -0.1985  -0.3017   0.4550   0.5034   8.1863      4013.03            0.000000            0.000000            0.000000
2420   -3.5229    122.19    5.32   -6.66  106.54    0.00    0.00        2381.44           0.00           0.00       19648.40           0.00           0.00   274.72  1305.20   392.19   0.9276  -0.0441   0.3063   0.3817   0.2338   0.0814   0.0185  -0.1094  -0.1985  -0.3017   0.4496   0.4992   8.1867      4093.29            0.000000            0.000000            0.000000
2421   -3.1651    122.19    5.32   -5.35  105.26    0.00    0.00        2191.81           0.00           0.00       18830.91           0.00           0.00   274.53  1305.20   392.21   0.9276  -0.0479   0.3063   0.3818   0.2338   0.0813   0.0186  -0.1094  -0.1985  -0.3017   0.4459   0.4953   8.1869      4175.15            0.000000            0.000000            0.000000
2422   -3.0859    122.19    5.32   -5.06  104.97    0.00    0.00        2153.32           0.00           0.00       18658.96           0.00           0.00   274.42  1305.20   392.22   0.9276  -0.0500   0.3063   0.3818   0.2338   0.0813   0.0186  -0.1094  -0.1985  -0.3017   0.4438   0.4917   8.1871      4258.66            0.000000            0.000000            0.000000
2423   -2.7281    122.19    5.32   -3.75  103.69    0.00    0.00        1993.27           0.00           0.00       17917.68           0.00           0.00   274.38  1305.20   392.23   0.9276  -0.0507   0.3063   0.3818   0.2338   0.0813   0.0186  -0.1094  -0.1985  -0.3017   0.4431   0.4886   8.1871      4343.83            0.000000            0.000000            0.000000
2424   -2.6489    122.19    5.32   -3.46  103.40    0.00    0.00        1960.75           0.00           0.00       17761.21           0.00           0.00   274.41  1305.20   392.25   0.9276  -0.0501   0.3063   0.3819   0.2338   0.0813   0.0187  -0.1094  -0.1985  -0.3017   0.4439   0.4859   8.1871      4430.70            0.000000            0.000000            0.000000
2425   -2.8485    122.19    5.32   -4.19  104.12    0.00    0.00        2044.68           0.00           0.00       18160.74           0.00           0.00   274.40  1305.20   392.26   0.9276  -0.0504   0.3063   0.3819   0.2338   0.0813   0.0187  -0.1094  -0.1985  -0.3017   0.4436   0.4834   8.1871      4519.32            0.000000            0.000000            0.000000
2426   -2.7693    122.19    5.32   -3.90  103.84    0.00    0.00        2010.61           0.00           0.00       18000.25           0.00           0.00   274.34  1305.20   392.27   0.9276  -0.0515   0.3063   0.3819   0.2338   0.0812   0.0188  -0.1094  -0.1985  -0.3017   0.4426   0.4811   8.1872      4609.71            0.000000            0.000000            0.000000
2427   -2.4114    122.19    5.32   -2.59  102.55    0.00    0.00        1868.85           0.00           0.00       17306.69           0.00           0.00   274.36  1305.20   392.29   0.9276  -0.0512   0.3063   0.3820   0.2338   0.0812   0.0188  -0.1094  -0.1985  -0.3017   0.4430   0.4790   8.1872      4701.90            0.000000            0.000000            0.000000
2428   -2.3323    122.19    5.32   -2.30  102.27    0.00    0.00        1840.01           0.00           0.00       17159.92           0.00           0.00   274.45  1305.20   392.30   0.9276  -0.0494   0.3063   0.3820   0.2338   0.0812   0.0188  -0.1094  -0.1985  -0.3017   0.4448   0.4773   8.1870      4795.94            0.000000            0.000000            0.000000
2429   -1.9744    122.19    5.32   -0.99  100.98    0.00    0.00        1719.79           0.00           0.00       16523.46           0.00           0.00   274.61  1305.20   392.31   0.9276  -0.0463   0.3063   0.3821   0.2338   0.0812   0.0189  -0.1094  -0.1985  -0.3017   0.4480   0.4759   8.1868      4891.86            0.000000            0.000000            0.000000
2430   -1.8953    122.19    5.32   -0.70  100.70    0.00    0.00        1695.29           0.00           0.00       16388.31           0.00           0.00   274.82  1305.20   392.32   0.9276  -0.0421   0.3063   0.3821   0.2338   0.0812   0.0189  -0.1094  -0.1985  -0.3017   0.4523   0.4751   8.1866      4989.69            0.000000            0.000000            0.000000
2431   -1.5374    122.19    5.32    0.62   99.42    0.00    0.00        1592.99           0.00           0.00       15800.35           0.00           0.00   275.10  1305.20   392.34   0.9276  -0.0367   0.3063   0.3821   0.2338   0.0812   0.0190  -0.1094  -0.1985  -0.3017   0.4577   0.4747   8.1862      5089.49            0.000000            0.000000            0.000000
2432   -1.4583    122.19    5.32    0.91   99.13    0.00    0.00        1572.11           0.00           0.00       15675.09           0.00           0.00   275.43  1305.20   392.35   0.9276  -0.0303   0.3063   0.3822   0.2338   0.0811   0.0190  -0.1094  -0.1985  -0.3017   0.4642   0.4748   8.1858      5191.28            0.000000            0.000000            0.000000
2433   -1.1004    122.19    5.32    2.22   97.85    0.00    0.00        1484.73           0.00           0.00       15128.47           0.00           0.00   275.82  1305.20   392.36   0.9276  -0.0229   0.3063   0.3822   0.2338   0.0811   0.0191  -0.1094  -0.1985  -0.3017   0.4717   0.4754   8.1853      5295.10            0.000000            0.000000            0.000000
2434   -1.0213    122.19    5.32    2.51   97.56    0.00    0.00        1466.85           0.00           0.00       15011.66           0.00           0.00   276.25  1305.20   392.37   0.9276  -0.0145   0.3063   0.3822   0.2338   0.0811   0.0191  -0.1094  -0.1985  -0.3017   0.4802   0.4765   8.1848      5401.00            0.000000            0.000000            0.000000
2435   -1.2208    122.19    5.32    1.78   98.28    0.00    0.00        1512.90           0.00           0.00       15308.91           0.00           0.00   276.62  1305.20   392.39   0.9276  -0.0074   0.3063   0.3823   0.2338   0.0811   0.0191  -0.1094  -0.1985  -0.3017   0.4874   0.4779   8.1843      5509.02            0.000000            0.000000            0.000000
2436   -1.1417    122.19    5.32    2.07   98.00    0.00    0.00        1494.24           0.00           0.00       15189.90           0.00           0.00   276.93  1305.20   392.40   0.9276  -0.0014   0.3063   0.3823   0.2338   0.0811   0.0192  -0.1094  -0.1985  -0.3017   0.4934   0.4795   8.1839      5619.21            0.000000            0.000000            0.000000
2437   -1.3412    122.19    5.32    1.34   98.71    0.00    0.00        1542.29           0.00           0.00       15492.81           0.00           0.00   277.19  1305.20   392.41   0.9276   0.0037   0.3063   0.3823   0.2338   0.0811   0.0192  -0.1094  -0.1985  -0.3017   0.4985   0.4810   8.1836      5731.59            0.000000            0.000000            0.000000
2438   -1.7374    122.19    5.32   -0.12  100.13    0.00    0.00        1648.49           0.00           0.00       16124.30           0.00           0.00   277.31  1305.20   392.42   0.9276   0.0060   0.3063   0.3824   0.2338   0.0811   0.0193  -0.1094  -0.1985  -0.3017   0.5009   0.4824   8.1834      5846.22            0.000000            0.000000            0.000000
2439   -1.8548    122.19    5.32   -0.55  100.56    0.00    0.00        1683.03           0.00           0.00       16319.90           0.00           0.00   277.32  1305.20   392.43   0.9276   0.0062   0.3063   0.3824   0.2338   0.0810   0.0193  -0.1094  -0.1985  -0.3017   0.5012   0.4833   8.1834      5963.15            0.000000            0.000000            0.000000
2440   -2.2509    122.19    5.32   -2.00  101.98    0.00    0.00        1811.24           0.00           0.00       17011.38           0.00           0.00   277.23  1305.20   392.45   0.9276   0.0044   0.3063   0.3824   0.2338   0.0810   0.0193  -0.1094  -0.1985  -0.3017   0.4995   0.4838   8.1835      6082.41            0.000000            0.000000            0.000000
2441   -2.3684    122.19    5.32   -2.43  102.40    0.00    0.00        1853.04           0.00           0.00       17226.52           0.00           0.00   277.05  1305.20   392.46   0.9276   0.0009   0.3063   0.3825   0.2338   0.0810   0.0194  -0.1094  -0.1985  -0.3017   0.4960   0.4837   8.1838      6204.06            0.000000            0.000000            0.000000
2442   -2.2071    122.19    5.32   -1.84  101.82    0.00    0.00        1796.11           0.00           0.00       16932.32           0.00           0.00   276.89  1305.20   392.47   0.9276  -0.0021   0.3063   0.3825   0.2338   0.0810   0.0194  -0.1094  -0.1985  -0.3017   0.4931   0.4833   8.1840      6328.14            0.000000            0.000000            0.000000
2443   -2.3245    122.19    5.32   -2.27  102.24    0.00    0.00        1837.22           0.00           0.00       17145.64           0.00           0.00   276.76  1305.20   392.48   0.9276  -0.0047   0.3063   0.3825   0.2338   0.0810   0.0195  -0.1094  -0.1985  -0.3017   0.4906   0.4826   8.1841      6454.70            0.000000            0.000000            0.000000
2444   -2.1633    122.19    5.32   -1.68  101.66    0.00    0.00        1781.22           0.00           0.00       16853.92           0.00           0.00   276.64  1305.20   392.49   0.9276  -0.0069   0.3063   0.3826   0.2338   0.0810   0.0195  -0.1094  -0.1985  -0.3017   0.4885   0.4817   8.1843      6583.79            0.000000            0.000000            0.000000
2445   -2.2807    122.19    5.32   -2.11  102.08    0.00    0.00        1821.66           0.00           0.00       17065.45           0.00           0.00   276.54  1305.20   392.50   0.9276  -0.0088   0.3063   0.3826   0.2338   0.0810   0.0195  -0.1094  -0.1985  -0.3017   0.4866   0.4808   8.1844      6715.47            0.000000            0.000000            0.000000
2446   -2.1194    122.19    5.32   -1.52  101.50    0.00    0.00        1766.57           0.00           0.00       16776.17           0.00           0.00   276.46  1305.20   392.51   0.9276  -0.0105   0.3063   0.3826   0.2338   0.0810   0.0196  -0.1094  -0.1985  -0.3017   0.4850   0.4798   8.1845      6849.78            0.000000            0.000000            0.000000
2447   -2.2369    122.19    5.32   -1.95  101.93    0.00    0.00        1806.36           0.00           0.00       16985.94           0.00           0.00   276.38  1305.20   392.52   0.9276  -0.0120   0.3063   0.3827   0.2338   0.0810   0.0196  -0.1094  -0.1985  -0.3017   0.4836   0.4788   8.1846      6986.78            0.000000            0.000000            0.000000
2448   -2.0756    122.19    5.32   -1.36  101.35    0.00    0.00        1752.16           0.00           0.00       16699.05           0.00           0.00   276.31  1305.20   392.53   0.9276  -0.0133   0.3063   0.3827   0.2338   0.0809   0.0197  -0.1094  -0.1985  -0.3017   0.4823   0.4777   8.1847      7126.51            0.000000            0.000000            0.000000
2449   -2.1930    122.19    5.32   -1.79  101.77    0.00    0.00        1791.30           0.00           0.00       16907.10           0.00           0.00   276.25  1305.20   392.54   0.9276  -0.0145   0.3063   0.3827   0.2338   0.0809   0.0197  -0.1094  -0.1985  -0.3017   0.4812   0.4767   8.1848      7269.04            0.000000            0.000000            0.000000
2450   -2.0318    122.19    5.32   -1.20  101.19    0.00    0.00        1737.98           0.00           0.00       16622.56           0.00           0.00   276.19  1305.20   392.56   0.9276  -0.0155   0.3063   0.3827   0.2338   0.0809   0.0197  -0.1094  -0.1985  -0.3017   0.4802   0.4757   8.1848      7414.42            0.000000            0.000000            0.000000
2451   -1.5918    122.19    5.32    0.42   99.61    0.00    0.00        1607.69           0.00           0.00       15887.34           0.00           0.00   276.26  1305.20   392.57   0.9276  -0.0143   0.3063   0.3828   0.2338   0.0809   0.0198  -0.1094  -0.1985  -0.3017   0.4815   0.4749   8.1848      7562.71            0.000000            0.000000            0.000000
2452   -1.4305    122.19    5.32    1.01   99.03    0.00    0.00        1564.93           0.00           0.00       15631.56           0.00           0.00   276.43  1305.20   392.58   0.9276  -0.0109   0.3063   0.3828   0.2338   0.0809   0.0198  -0.1094  -0.1985  -0.3017   0.4849   0.4744   8.1845      7713.96            0.000000            0.000000            0.000000
2453   -1.5480    122.19    5.32    0.58   99.45    0.00    0.00        1595.82           0.00           0.00       15817.13           0.00           0.00   276.59  1305.20   392.59   0.9276  -0.0079   0.3063   0.3828   0.2338   0.0809   0.0199  -0.1094  -0.1985  -0.3017   0.4881   0.4743   8.1843      7868.24            0.000000            0.000000            0.000000
2454   -1.3867    122.19    5.32    1.17   98.88    0.00    0.00        1553.73           0.00           0.00       15563.21           0.00           0.00   276.74  1305.20   392.60   0.9276  -0.0050   0.3063   0.3829   0.2338   0.0809   0.0199  -0.1094  -0.1985  -0.3017   0.4910   0.4744   8.1842      8025.61            0.000000            0.000000            0.000000
2455   -1.5041    122.19    5.32    0.74   99.30    0.00    0.00        1584.13           0.00           0.00       15747.44           0.00           0.00   276.88  1305.20   392.61   0.9276  -0.0023   0.3063   0.3829   0.2338   0.0809   0.0199  -0.1094  -0.1985  -0.3017   0.4937   0.4747   8.1840      8186.12            0.000000            0.000000            0.000000
2456   -1.9003    122.19    5.32   -0.71  100.72    0.00    0.00        1696.81           0.00           0.00       16396.75           0.00           0.00   276.90  1305.20   392.62   0.9276  -0.0020   0.3063   0.3829   0.2338   0.0809   0.0200  -0.1094  -0.1985  -0.3017   0.4941   0.4748   8.1840      8349.84            0.000000            0.000000            0.000000
2457   -2.0177    122.19    5.32   -1.15  101.14    0.00    0.00        1733.48           0.00           0.00       16598.15           0.00           0.00   276.81  1305.20   392.63   0.9276  -0.0037   0.3063   0.3830   0.2338   0.0809   0.0200  -0.1094  -0.1985  -0.3017   0.4925   0.4746   8.1841      8516.84            0.000000            0.000000            0.000000
2458   -2.4017    122.19    5.32   -2.55  102.52    0.00    0.00        1865.25           0.00           0.00       17288.50           0.00           0.00   276.62  1305.20   392.64   0.9276  -0.0074   0.3063   0.3830   0.2338   0.0809   0.0201  -0.1094  -0.1985  -0.3017   0.4889   0.4740   8.1843      8687.18            0.000000            0.000000            0.000000
2459   -2.5070    122.19    5.32   -2.94  102.90    0.00    0.00        1904.84           0.00           0.00       17486.99           0.00           0.00   276.35  1305.20   392.65   0.9276  -0.0126   0.3063   0.3830   0.2338   0.0809   0.0201  -0.1094  -0.1985  -0.3017   0.4837   0.4729   8.1846      8860.92            0.000000            0.000000            0.000000
2460   -2.3336    122.19    5.32   -2.30  102.27    0.00    0.00        1840.48           0.00           0.00       17162.33           0.00           0.00   276.11  1305.20   392.66   0.9276  -0.0172   0.3063   0.3830   0.2338   0.0808   0.0201  -0.1094  -0.1985  -0.3017   0.4792   0.4715   8.1849      9038.14            0.000000            0.000000            0.000000
2461   -2.4282    122.19    5.32   -2.65  102.61    0.00    0.00        1875.08           0.00           0.00       17338.12           0.00           0.00   275.91  1305.20   392.67   0.9276  -0.0211   0.3063   0.3831   0.2338   0.0808   0.0202  -0.1094  -0.1985  -0.3017   0.4754   0.4699   8.1852      9218.90            0.000000            0.000000            0.000000
2462   -2.2442    122.19    5.32   -1.98  101.95    0.00    0.00        1808.89           0.00           0.00       16999.13           0.00           0.00   275.73  1305.20   392.67   0.9276  -0.0245   0.3063   0.3831   0.2338   0.0808   0.0202  -0.1094  -0.1985  -0.3017   0.4721   0.4682   8.1854      9403.28            0.000000            0.000000            0.000000
2463   -2.3279    122.19    5.32   -2.28  102.25    0.00    0.00        1838.44           0.00           0.00       17151.88           0.00           0.00   275.58  1305.20   392.68   0.9276  -0.0273   0.3063   0.3831   0.2338   0.0808   0.0203  -0.1094  -0.1985  -0.3017   0.4693   0.4665   8.1856      9591.35            0.000000            0.000000            0.000000
2464   -2.1330    122.19    5.32   -1.57  101.55    0.00    0.00        1771.08           0.00           0.00       16800.16           0.00           0.00   275.46  1305.20   392.69   0.9276  -0.0297   0.3063   0.3831   0.2338   0.0808   0.0203  -0.1094  -0.1985  -0.3017   0.4670   0.4648   8.1858      9783.17            0.000000            0.000000            0.000000
2465   -2.2082    122.19    5.32   -1.84  101.82    0.00    0.00        1796.49           0.00           0.00       16934.34           0.00           0.00   275.37  1305.20   392.70   0.9276  -0.0316   0.3063   0.3832   0.2338   0.0808   0.0203  -0.1094  -0.1985  -0.3017   0.4652   0.4632   8.1859      9978.84            0.000000            0.000000            0.000000
2466   -2.0047    122.19    5.32   -1.10  101.09    0.00    0.00        1729.36           0.00           0.00       16575.71           0.00           0.00   275.29  1305.20   392.71   0.9276  -0.0330   0.3063   0.3832   0.2338   0.0808   0.0204  -0.1094  -0.1985  -0.3017   0.4638   0.4616   8.1860     10178.41            0.000000            0.000000            0.000000
2467   -1.5226    122.19    5.32    0.67   99.36    0.00    0.00        1589.02           0.00           0.00       15776.68           0.00           0.00   275.36  1305.20   392.72   0.9276  -0.0317   0.3063   0.3832   0.2338   0.0808   0.0204  -0.1094  -0.1985  -0.3017   0.4651   0.4604   8.1859     10381.98            0.000000            0.000000            0.000000
2468   -0.7617    122.19    5.32    3.46   96.63    0.00    0.00        1411.55           0.00           0.00       14638.17           0.00           0.00   275.66  1305.20   392.73   0.9276  -0.0259   0.3063   0.3832   0.2338   0.0808   0.0205  -0.1094  -0.1985  -0.3017   0.4711   0.4599   8.1855     10589.62            0.000000            0.000000            0.000000
2469    0.2779    122.19    5.32    7.27   92.90    0.00    0.00        1232.65           0.00           0.00       13269.02           0.00           0.00   276.29  1305.20   392.74   0.9276  -0.0136   0.3063   0.3833   0.2338   0.0808   0.0205  -0.1094  -0.1985  -0.3017   0.4834   0.4606   8.1847     10801.41            0.000000            0.000000            0.000000
2470    1.5962    122.19    5.32   12.11   88.17    0.00    0.00        1074.52           0.00           0.00       11754.85           0.00           0.00   277.34  1305.20   392.75   0.9276   0.0066   0.3063   0.3833   0.2338   0.0808   0.0205  -0.1094  -0.1985  -0.3017   0.5037   0.4631   8.1834     11017.44            0.000000            0.000000            0.000000
2471    2.6454    122.19    5.32   15.95   84.41    0.00    0.00         982.73           0.00           0.00       10677.61           0.00           0.00   278.78  1305.20   392.76   0.9276   0.0342   0.3063   0.3833   0.2338   0.0808   0.0206  -0.1094  -0.1985  -0.3017   0.5313   0.4677   8.1816     11237.79            0.000000            0.000000            0.000000
2472    3.9733    122.19    5.32   20.82   79.64    0.00    0.00         892.35           0.00           0.00        9435.11           0.00           0.00   280.58  1305.20   392.76   0.9276   0.0685   0.3063   0.3833   0.2338   0.0808   0.0206  -0.1094  -0.1985  -0.3017   0.5657   0.4747   8.1794     11462.55            0.000000            0.000000            0.000000
2473    5.0225    122.19    5.32   24.67   75.88    0.00    0.00         833.54           0.00           0.00        8530.44           0.00           0.00   282.72  1305.20   392.77   0.9276   0.1091   0.3063   0.3834   0.2338   0.0808   0.0207  -0.1094  -0.1985  -0.3017   0.6063   0.4843   8.1767     11691.80            0.000000            0.000000            0.000000
2474    6.3504    122.19    5.32   29.54   71.11    0.00    0.00         768.58           0.00           0.00        7467.62           0.00           0.00   285.18  1305.20   392.78   0.9276   0.1553   0.3063   0.3834   0.2338   0.0808   0.0207  -0.1094  -0.1985  -0.3017   0.6527   0.4964   8.1737     11925.63            0.000000            0.000000            0.000000
2475    7.3996    122.19    5.32   33.38   67.35    0.00    0.00         721.89           0.00           0.00        6685.98           0.00           0.00   287.95  1305.20   392.79   0.9276   0.2069   0.3063   0.3834   0.2338   0.0808   0.0207  -0.1094  -0.1985  -0.3017   0.7044   0.5113   8.1703     12164.14            0.000000            0.000000            0.000000
2476    8.1701    122.19    5.32   36.21   64.59    0.00    0.00         689.26           0.00           0.00        6142.40           0.00           0.00   290.91  1305.20   392.80   0.9276   0.2615   0.3063   0.3834   0.2338   0.0808   0.0208  -0.1094  -0.1985  -0.3017   0.7589   0.5285   8.1667     12407.43            0.000000            0.000000            0.000000
2477    8.6619    122.19    5.32   38.01   62.82    0.00    0.00         668.96           0.00           0.00        5808.42           0.00           0.00   293.93  1305.20   392.81   0.9276   0.3167   0.3063   0.3835   0.2338   0.0808   0.0208  -0.1094  -0.1985  -0.3017   0.8142   0.5479   8.1631     12655.58            0.000000            0.000000            0.000000
2478    8.8751    122.19    5.32   38.79   62.06    0.00    0.00         660.27           0.00           0.00        5666.79           0.00           0.00   296.92  1305.20   392.81   0.9276   0.3708   0.3063   0.3835   0.2338   0.0808   0.0209  -0.1094  -0.1985  -0.3017   0.8684   0.5689   8.1596     12908.69            0.000000            0.000000            0.000000
2479    9.3669    122.19    5.32   40.60   60.29    0.00    0.00         640.41           0.00           0.00        5346.96           0.00           0.00   299.90  1305.20   392.82   0.9276   0.4240   0.3063   0.3835   0.2338   0.0808   0.0209  -0.1094  -0.1985  -0.3017   0.9217   0.5911   8.1561     13166.86            0.000000            0.000000            0.000000
2480    9.5800    122.19    5.32   41.38   59.53    0.00    0.00         631.88           0.00           0.00        5211.39           0.00           0.00   302.88  1305.20   392.83   0.9276   0.4767   0.3063   0.3835   0.2338   0.0808   0.0209  -0.1094  -0.1985  -0.3017   0.9745   0.6144   8.1526     13430.20            0.000000            0.000000            0.000000
2481   10.0718    122.19    5.32   43.18   57.76    0.00    0.00         612.35           0.00           0.00        4905.43           0.00           0.00   305.86  1305.20   392.84   0.9276   0.5291   0.3063   0.3836   0.2338   0.0807   0.0210  -0.1094  -0.1985  -0.3017   1.0269   0.6385   8.1492     13698.80            0.000000            0.000000            0.000000
2482   10.7689    122.19    5.32   45.74   55.26    0.00    0.00         584.96           0.00           0.00        4488.09           0.00           0.00   308.97  1305.20   392.85   0.9276   0.5831   0.3063   0.3836   0.2338   0.0807   0.0210  -0.1094  -0.1985  -0.3017   1.0810   0.6636   8.1456     13972.78            0.000000            0.000000            0.000000
2483   11.6706    122.19    5.32   49.05   52.03    0.00    0.00         549.92           0.00           0.00        3976.47           0.00           0.00   312.29  1305.20   392.85   0.9276   0.6401   0.3063   0.3836   0.2338   0.0807   0.0211  -0.1094  -0.1985  -0.3017   1.1380   0.6899   8.1418     14252.23            0.000000            0.000000            0.000000
2484   12.7755    122.19    5.32   53.10   48.06    0.00    0.00         507.40           0.00           0.00        3392.40           0.00           0.00   315.88  1305.20   392.86   0.9276   0.7012   0.3063   0.3836   0.2338   0.0807   0.0211  -0.1094  -0.1985  -0.3017   1.1992   0.7175   8.1378     14537.28            0.000000            0.000000            0.000000
2485   13.6017    122.19    5.32   56.13   45.10    0.00    0.00         475.79           0.00           0.00        2986.26           0.00           0.00   319.73  1305.20   392.87   0.9276   0.7658   0.3063   0.3836   0.2338   0.0807   0.0211  -0.1094  -0.1985  -0.3017   1.2639   0.7468   8.1335     14828.02            0.000000            0.000000            0.000000
2486   14.6270    122.19    5.32   59.89   41.42    0.00    0.00         436.72           0.00           0.00        2518.46           0.00           0.00   323.81  1305.20   392.88   0.9276   0.8335   0.3063   0.3837   0.2338   0.0807   0.0212  -0.1094  -0.1985  -0.3017   1.3316   0.7776   8.1290     15124.59            0.000000            0.000000            0.000000
2487   15.8485    122.19    5.32   64.36   37.03    0.00    0.00         390.33           0.00           0.00        2013.34           0.00           0.00   328.19  1305.20   392.89   0.9276   0.9052   0.3063   0.3837   0.2338   0.0807   0.0212  -0.1094  -0.1985  -0.3017   1.4034   0.8102   8.1243     15427.08            0.000000            0.000000            0.000000
2488   17.2632    122.19    5.32   69.55   31.96    0.00    0.00         336.72           0.00           0.00        1499.08           0.00           0.00   332.95  1305.20   392.89   0.9276   0.9821   0.3063   0.3837   0.2338   0.0807   0.0213  -0.1094  -0.1985  -0.3017   1.4803   0.8448   8.1192     15735.62            0.000000            0.000000            0.000000
2489   18.8482    122.19    5.32   75.36   26.27    0.00    0.00         276.73           0.00           0.00        1012.92           0.00           0.00   338.15  1305.20   392.90   0.9276   1.0648   0.3063   0.3837   0.2338   0.0807   0.0213  -0.1094  -0.1985  -0.3017   1.5631   0.8817   8.1137     16050.33            0.000000            0.000000            0.000000
2490   20.1546    122.19    5.32   80.15   21.58    0.00    0.00         227.33           0.00           0.00         683.69           0.00           0.00   343.75  1305.20   392.91   0.9276   1.1525   0.3063   0.3838   0.2338   0.0807   0.0213  -0.1094  -0.1985  -0.3017   1.6508   0.9209   8.1078     16371.34            0.000000            0.000000            0.000000
2491   21.1822    122.19    5.32   83.92   17.90    0.00    0.00         188.49           0.00           0.00         470.04           0.00           0.00   349.63  1305.20   392.91   0.9276   1.2429   0.3063   0.3838   0.2338   0.0807   0.0214  -0.1094  -0.1985  -0.3017   1.7414   0.9624   8.1018     16698.76            0.000000            0.000000            0.000000
2492   22.2843    122.19    5.32   87.96   13.94    0.00    0.00         146.83           0.00           0.00         285.27           0.00           0.00   355.73  1305.20   392.92   0.9276   1.3353   0.3063   0.3838   0.2338   0.0807   0.0214  -0.1094  -0.1985  -0.3017   1.8339   1.0059   8.0956     17032.74            0.000000            0.000000            0.000000
2493   23.3630    122.19    5.32   91.92   10.07    0.00    0.00         106.06           0.00           0.00         148.86           0.00           0.00   362.09  1305.20   392.93   0.9276   1.4299   0.3063   0.3838   0.2338   0.0807   0.0215  -0.1094  -0.1985  -0.3017   1.9284   1.0514   8.0892     17373.39            0.000000            0.000000            0.000000
2494   24.1631    122.19    5.32   94.85    7.20    0.00    0.00          75.83           0.00           0.00          76.09           0.00           0.00   368.63  1305.20   392.94   0.9276   1.5254   0.3063   0.3838   0.2338   0.0807   0.0215  -0.1094  -0.1985  -0.3017   2.0241   1.0986   8.0828     17720.86            0.000000            0.000000            0.000000
2495   24.8888    122.19    5.32   97.51    4.60    0.00    0.00          48.41           0.00           0.00          31.01           0.00           0.00   375.29  1305.20   392.94   0.9276   1.6210   0.3063   0.3839   0.2338   0.0807   0.0215  -0.1094  -0.1985  -0.3017   2.1197   1.1473   8.0763     18075.28            0.000000            0.000000            0.000000
2496   25.3358    122.19    5.32   99.15    2.99    0.00    0.00          31.52           0.00           0.00          13.15           0.00           0.00   382.01  1305.20   392.95   0.9276   1.7157   0.3063   0.3839   0.2338   0.0807   0.0216  -0.1094  -0.1985  -0.3017   2.2145   1.1972   8.0699     18436.79            0.000000            0.000000            0.000000
2497   25.6062    122.19    5.32  100.14    2.02    0.00    0.00          21.30           0.00           0.00           6.01           0.00           0.00   388.70  1305.20   392.96   0.9276   1.8084   0.3063   0.3839   0.2338   0.0807   0.0216  -0.1094  -0.1985  -0.3017   2.3072   1.2480   8.0637     18805.52            0.000000            0.000000            0.000000
2498   26.0274    122.19    5.32  101.69    0.51    0.00    0.00           5.39           0.00           0.00           0.38           0.00           0.00   395.37  1305.20   392.96   0.9276   1.8993   0.3063   0.3839   0.2338   0.0807   0.0217  -0.1094  -0.1985  -0.3017   2.3982   1.2994   8.0575     19181.63            0.000000            0.000000            0.000000
2499   26.1700    122.19    5.32  102.21    0.00    0.00    0.00           0.00           0.00           0.00           0.00           0.00           0.00   402.02  1305.20   392.97   0.9276   1.9884   0.3063   0.3839   0.2338   0.0807   0.0217  -0.1094  -0.1985  -0.3017   2.4873   1.3512   8.0515     19565.26            0.000000            0.000000            0.000000
2500   26.1700    122.19    5.32  102.21    0.00    0.00    0.00           0.00           0.00           0.00           0.00           0.00           0.00   408.57  1305.20   392.98   0.9276   2.0746   0.3063   0.3840   0.2338   0.0807   0.0217  -0.1094  -0.1985  -0.3017   2.5736   1.4032   8.0456     19956.57            0.000000            0.000000            0.000000
